7.8151521e+01 -5.1260315e+01
7.8452312e+01 -5.1058955e+01
7.8312794e+01 -5.2257284e+01
7.9231523e+01 -5.3519254e+01
7.9694752e+01 -5.5291033e+01
8.2480155e+01 -5.5251205e+01
8.3941127e+01 -5.4088670e+01
8.1913819e+01 -5.2310480e+01
8.6627055e+01 -5.1511465e+01
8.7122973e+01 -5.0482573e+01
8.6683790e+01 -5.0255298e+01
8.7618852e+01 -4.6058634e+01
8.7371615e+01 -4.3630808e+01
9.0263541e+01 -4.4483499e+01
9.2684614e+01 -4.2582510e+01
9.4451525e+01 -4.0664758e+01
9.7661376e+01 -4.1066476e+01
9.9563060e+01 -3.9148160e+01
9.9594716e+01 -3.8184083e+01
9.7406398e+01 -3.6820271e+01
9.5553930e+01 -3.5797971e+01
9.5239737e+01 -3.3072999e+01
9.4252319e+01 -3.1948827e+01
9.6771002e+01 -3.2800588e+01
9.9402885e+01 -3.1323000e+01
9.9867785e+01 -3.1043913e+01
9.5267715e+01 -2.8817969e+01
9.5084146e+01 -2.9151191e+01
9.6432639e+01 -2.6811901e+01
9.4355955e+01 -2.3418249e+01
9.2350931e+01 -2.4486668e+01
9.1964537e+01 -2.7389275e+01
8.9330106e+01 -2.5199511e+01
8.8050980e+01 -2.4061233e+01
8.6462410e+01 -2.6705069e+01
8.6427676e+01 -2.8696166e+01
8.3427027e+01 -2.4766534e+01
8.2111416e+01 -2.3600478e+01
8.3434755e+01 -2.1015523e+01
8.2475119e+01 -1.9534220e+01
8.6242517e+01 -2.1243872e+01
8.7856308e+01 -2.0235541e+01
8.8352565e+01 -1.9491490e+01
8.8605268e+01 -1.7656531e+01
9.0676899e+01 -1.5996026e+01
9.2204306e+01 -1.6110169e+01
9.3928763e+01 -1.3205202e+01
9.0333241e+01 -1.2134283e+01
9.2960954e+01 -9.4203939e+00
9.1460644e+01 -7.8593715e+00
8.9477168e+01 -5.5576300e+00
8.9819367e+01 -4.8351945e+00
9.1931081e+01 -2.7523201e+00
9.3714512e+01 -2.7105305e+00
9.4191737e+01 -4.8307037e+00
9.6463804e+01 -8.7327508e+00
9.6176959e+01 -9.1410813e+00
9.8229731e+01 -1.1169423e+01
9.9573220e+01 -1.8603811e+01
9.0577314e+01 -2.2100164e+01
8.4295650e+01 -1.4473437e+01
8.1034553e+01 -1.2486329e+01
8.0239891e+01 -1.4015968e+01
7.9065865e+01 -1.2405279e+01
7.8246228e+01 -1.3628423e+01
7.6001867e+01 -1.5986980e+01
7.4336756e+01 -2.0016513e+01
7.7347116e+01 -2.3127027e+01
7.7289030e+01 -2.3675082e+01
7.9246027e+01 -2.5576034e+01
7.7691872e+01 -2.6398297e+01
8.1084229e+01 -2.8216784e+01
8.1054597e+01 -3.0297450e+01
7.8223676e+01 -3.0296387e+01
7.4838955e+01 -3.0748816e+01
7.3367534e+01 -2.7882950e+01
7.2571240e+01 -2.8284505e+01
7.3298148e+01 -2.6642454e+01
6.8396148e+01 -2.8951041e+01
7.0133424e+01 -3.1266121e+01
6.6636409e+01 -3.3279271e+01
6.5436771e+01 -3.8085387e+01
6.3758958e+01 -3.7366617e+01
6.3181475e+01 -3.9574146e+01
6.3925997e+01 -4.1209856e+01
6.3397616e+01 -4.3336512e+01
6.1364072e+01 -3.9611908e+01
6.0690702e+01 -3.9048787e+01
6.0250068e+01 -3.8690286e+01
6.0895673e+01 -3.6356945e+01
6.1174102e+01 -3.5084847e+01
5.9307032e+01 -3.3110450e+01
6.1668679e+01 -3.1815740e+01
5.8340070e+01 -2.9702238e+01
5.8052287e+01 -2.9328804e+01
6.0159659e+01 -2.7952302e+01
5.6109234e+01 -2.5630969e+01
5.5046124e+01 -2.8229524e+01
5.2319090e+01 -2.5096745e+01
5.2793269e+01 -2.4012757e+01
5.1475625e+01 -2.2365685e+01
5.1220289e+01 -2.2566272e+01
4.9477663e+01 -2.1847786e+01
4.6733334e+01 -2.3302311e+01
4.2369644e+01 -2.3773382e+01
4.1255739e+01 -2.4340002e+01
3.8179358e+01 -2.5913249e+01
3.8018425e+01 -2.0847233e+01
3.4941085e+01 -2.1626966e+01
3.3262015e+01 -2.2643745e+01
2.9510291e+01 -2.0975786e+01
2.8373284e+01 -1.8366837e+01
2.9678401e+01 -1.3966252e+01
3.3359265e+01 -1.5593307e+01
3.9889658e+01 -1.4150916e+01
4.2976459e+01 -1.5352994e+01
4.1687528e+01 -1.8682917e+01
4.2163009e+01 -1.9318191e+01
4.2942917e+01 -1.8970233e+01
4.9571403e+01 -1.6546418e+01
4.9586061e+01 -1.4777378e+01
5.1168646e+01 -1.4212153e+01
5.1985552e+01 -1.4622739e+01
5.3485930e+01 -1.5398416e+01
5.4109654e+01 -1.7503828e+01
5.5963296e+01 -1.6610975e+01
5.3693988e+01 -2.1085551e+01
5.1589192e+01 -1.9400487e+01
5.8548179e+01 -2.1169140e+01
6.0922582e+01 -2.0050018e+01
6.1219108e+01 -1.6967872e+01
6.2387061e+01 -1.7180733e+01
6.3866343e+01 -1.3212728e+01
6.1466172e+01 -1.1675329e+01
6.3428420e+01 -8.1629388e+00
6.5351331e+01 -8.1317069e+00
6.7380969e+01 -4.8872335e+00
7.2247105e+01 -7.4310308e+00
7.1435289e+01 -9.9287607e+00
7.3494791e+01 -1.2172245e+01
7.2702147e+01 -1.2974050e+01
6.9555485e+01 -1.6252325e+01
6.7301104e+01 -1.4576172e+01
6.9526625e+01 -2.0755226e+01
6.6529984e+01 -2.3805096e+01
6.4438287e+01 -2.5023046e+01
6.6782993e+01 -2.6256049e+01
6.5510519e+01 -2.7893285e+01
7.0994981e+01 -3.6558414e+01
7.2678880e+01 -3.6299265e+01
7.4731500e+01 -3.7049658e+01
7.5526413e+01 -3.6670855e+01
7.7015216e+01 -3.7236125e+01
7.7757459e+01 -3.5806310e+01
7.8627166e+01 -3.6151259e+01
7.7555273e+01 -3.4543304e+01
8.0102041e+01 -3.3851170e+01
8.0230175e+01 -3.3449615e+01
8.1675084e+01 -3.6216969e+01
8.2700283e+01 -3.5409273e+01
8.4565719e+01 -3.5664741e+01
8.4016424e+01 -3.6861688e+01
8.4160058e+01 -3.9741605e+01
8.3159333e+01 -4.4590174e+01
8.2400863e+01 -4.4403406e+01
7.7445312e+01 -4.1714173e+01
7.6792334e+01 -4.1406061e+01
7.4983399e+01 -4.0830395e+01
7.3317792e+01 -4.2115289e+01
7.0519827e+01 -4.5055074e+01
7.0716148e+01 -4.5599707e+01
6.7894535e+01 -4.7209249e+01
6.6770909e+01 -4.8258443e+01
6.8870263e+01 -5.0680210e+01
7.1954089e+01 -5.3082595e+01
7.2997437e+01 -5.6226574e+01
7.2729048e+01 -5.6941133e+01
7.5250129e+01 -5.6878745e+01
7.2087733e+01 -5.9402992e+01
6.9512465e+01 -6.1838267e+01
6.2092212e+01 -5.9553750e+01
6.1748223e+01 -5.9716145e+01
6.2381313e+01 -5.8326864e+01
6.2725690e+01 -5.5968491e+01
6.2878159e+01 -5.4410803e+01
5.9272794e+01 -5.6138199e+01
5.7087063e+01 -5.5910770e+01
5.5277893e+01 -5.7005832e+01
5.3882679e+01 -5.9108565e+01
5.0786752e+01 -5.8065334e+01
4.9062392e+01 -5.8373027e+01
4.7923134e+01 -5.6473521e+01
4.7256722e+01 -5.4233284e+01
4.7938180e+01 -5.2552088e+01
4.7682837e+01 -5.2060856e+01
4.2686046e+01 -5.1263684e+01
4.4126126e+01 -4.8290999e+01
4.6790858e+01 -4.5422431e+01
4.7944204e+01 -4.5463145e+01
4.8211287e+01 -4.4910053e+01
5.3815954e+01 -4.0516802e+01
5.6568142e+01 -4.0068077e+01
5.6651439e+01 -3.9270672e+01
5.3223868e+01 -3.7051036e+01
4.9651327e+01 -3.5931967e+01
4.7231234e+01 -3.6343808e+01
4.4906077e+01 -3.6317766e+01
4.4850621e+01 -3.8018932e+01
4.0713256e+01 -3.2081190e+01
3.5893654e+01 -3.7424646e+01
3.4761191e+01 -3.8102037e+01
3.2561458e+01 -4.0181268e+01
3.1562858e+01 -3.9423999e+01
2.9619267e+01 -4.0664539e+01
2.9455706e+01 -4.1895899e+01
2.6909555e+01 -4.1839904e+01
2.3299095e+01 -4.1600200e+01
2.2271603e+01 -4.3246158e+01
2.2730217e+01 -4.4311320e+01
2.3154733e+01 -4.6980998e+01
2.5787596e+01 -4.8791897e+01
2.7297080e+01 -5.1210422e+01
2.4927923e+01 -5.1624572e+01
2.6123512e+01 -5.3652649e+01
2.7262172e+01 -5.4226305e+01
3.1645069e+01 -5.4762948e+01
3.0458702e+01 -5.7331673e+01
2.8702672e+01 -5.9813433e+01
2.4965419e+01 -6.0376161e+01
2.1239830e+01 -6.1303704e+01
1.8830350e+01 -6.0897502e+01
2.0894893e+01 -5.8230623e+01
1.6955886e+01 -5.6227158e+01
1.6156038e+01 -5.5955045e+01
1.4754074e+01 -5.4219317e+01
1.2387908e+01 -5.3717966e+01
7.4623458e+00 -5.4884360e+01
9.5736946e+00 -5.8146702e+01
1.2627485e+01 -6.1166600e+01
5.7422382e+00 -6.1534529e+01
5.4433647e+00 -6.2038773e+01
4.4558555e-01 -6.0846724e+01
1.6956929e-01 -5.9422400e+01
9.7431720e-01 -5.7441420e+01
3.5479243e+00 -5.3506243e+01
2.3403972e+00 -5.0847120e+01
2.0214079e+00 -4.7676275e+01
2.5027406e+00 -4.7406165e+01
1.8880075e+00 -4.5744495e+01
5.7039657e-01 -4.7171596e+01
2.1593698e+00 -4.1837017e+01
1.9384950e+00 -3.8841901e+01
7.4553208e+00 -3.9401224e+01
9.5255984e+00 -4.0288489e+01
1.0606624e+01 -3.7467130e+01
1.2550111e+01 -3.9722253e+01
1.2252438e+01 -4.1843953e+01
1.1529753e+01 -4.5345317e+01
8.4691931e+00 -4.8303383e+01
8.0383332e+00 -5.0171654e+01
6.0717862e+00 -4.8606933e+01
1.6635840e+01 -5.0897907e+01
1.9527763e+01 -5.1534464e+01
2.0049052e+01 -4.2840280e+01
2.0083556e+01 -3.9910876e+01
1.9987510e+01 -3.9296638e+01
2.1893454e+01 -3.8589953e+01
2.2860502e+01 -3.7658751e+01
2.2234240e+01 -3.6532755e+01
2.3067841e+01 -3.5193052e+01
2.3195345e+01 -3.4345109e+01
2.5036728e+01 -3.3527452e+01
2.7937036e+01 -3.3363654e+01
2.7266201e+01 -3.5501640e+01
3.0860525e+01 -3.5210591e+01
2.8845323e+01 -3.8771281e+01
3.3328585e+01 -4.2134415e+01
3.3375201e+01 -4.4958270e+01
3.3897154e+01 -4.6679202e+01
3.6363166e+01 -4.7445010e+01
3.6452159e+01 -4.9461792e+01
3.5154757e+01 -5.2364231e+01
3.2824967e+01 -5.1374756e+01
3.8760148e+01 -5.3949513e+01
3.8926602e+01 -5.4381579e+01
3.8123678e+01 -5.6272362e+01
3.7316508e+01 -5.8782933e+01
3.8765855e+01 -6.0979563e+01
4.1042160e+01 -5.7133763e+01
4.3785385e+01 -5.6051863e+01
4.6502661e+01 -5.8993195e+01
4.8390495e+01 -6.1270399e+01
5.8496827e+01 -6.2255354e+01
5.6142696e+01 -5.3995568e+01
6.2336426e+01 -4.8312388e+01
6.1421415e+01 -4.7145941e+01
5.6606717e+01 -4.3986624e+01
5.5650171e+01 -4.4337703e+01
5.6195917e+01 -3.3642220e+01
5.2444026e+01 -3.2009844e+01
4.9309123e+01 -3.2030314e+01
3.2649532e+01 -2.8878694e+01
3.0587011e+01 -2.7544048e+01
2.6283625e+01 -2.8390148e+01
2.3360694e+01 -2.7057148e+01
2.1931524e+01 -2.6267750e+01
2.1522079e+01 -2.6633210e+01
2.1459689e+01 -2.4654141e+01
2.0681798e+01 -2.2582115e+01
1.6459281e+01 -2.5035834e+01
1.7581276e+01 -2.7545702e+01
1.8738239e+01 -2.8940923e+01
1.9667953e+01 -2.9360904e+01
2.0426694e+01 -3.0059792e+01
2.0004615e+01 -3.1548134e+01
2.1516079e+01 -2.8929644e+01
2.0282187e+01 -3.4626596e+01
1.8295982e+01 -3.6877840e+01
1.6792296e+01 -4.0723391e+01
1.6589024e+01 -4.3264306e+01
1.2908409e+01 -3.2881380e+01
1.1193640e+01 -3.1565385e+01
8.2901948e+00 -3.2314790e+01
5.4887870e+00 -3.3028358e+01
9.2805464e-01 -2.9958149e+01
5.1800668e-01 -2.7200194e+01
8.2104731e-01 -2.2906136e+01
4.1968585e+00 -1.9500405e+01
7.4173036e+00 -2.1351160e+01
8.1523214e+00 -1.9459279e+01
1.0834281e+01 -2.0995386e+01
1.0013186e+01 -2.2184805e+01
9.7587153e+00 -2.5138122e+01
7.5629660e+00 -2.4635075e+01
6.2768322e+00 -2.5594389e+01
1.1870280e+01 -1.9071668e+01
1.2487375e+01 -1.8167639e+01
1.0227122e+01 -1.7086375e+01
1.4729741e+01 -1.9730657e+01
1.5382425e+01 -1.4835321e+01
1.7637595e+01 -1.4806967e+01
1.8306069e+01 -1.2855234e+01
1.6078933e+01 -1.2591316e+01
1.9738425e+01 -1.0740823e+01
2.2777496e+01 -1.1444747e+01
2.3036284e+01 -1.0651493e+01
2.3798211e+01 -1.1073341e+01
2.0428323e+01 -1.6624046e+01
2.1706797e+01 -4.6080093e+00
2.2574824e+01 -4.4915105e+00
2.5140513e+01 -3.7917126e+00
2.4058617e+01 -3.2854872e-01
2.2856316e+01 7.3090133e-01
2.1016003e+01 3.2295786e+00
2.1201076e+01 4.5938654e+00
2.1133136e+01 6.6662635e+00
1.6850662e+01 7.1507510e+00
1.5699031e+01 7.4247780e+00
1.6357816e+01 1.0464634e+01
1.4631074e+01 1.2037904e+01
1.3713589e+01 1.2706688e+01
1.3216421e+01 1.2240744e+01
1.1856383e+01 1.1375820e+01
1.1665095e+01 8.7985367e+00
1.1671927e+01 6.4696221e+00
1.1289968e+01 6.2844806e+00
1.1260710e+01 3.3495790e+00
1.0084609e+01 1.8047988e+00
5.8794028e+00 -3.9337584e-01
3.6212593e+00 -2.0040259e+00
2.0983987e+00 -1.6059248e+00
3.2329662e+00 1.9757898e+00
4.7293002e+00 3.0040902e+00
5.3351108e+00 4.8927112e+00
4.2693090e+00 6.9272990e+00
3.5782628e+00 1.1981923e+01
3.7478507e+00 1.4212429e+01
5.8241484e+00 1.7020398e+01
4.7079980e+00 1.8627109e+01
2.6886028e-01 1.6969464e+01
3.3634860e+00 2.5694979e+01
2.0179285e+00 2.8529431e+01
6.7538163e-01 2.7758970e+01
7.1734195e-03 3.1279941e+01
4.7826080e+00 3.6912999e+01
5.6436712e+00 3.6880591e+01
7.2662806e+00 3.7977418e+01
6.5354910e+00 3.8900069e+01
6.5154491e+00 4.0068292e+01
9.7076069e+00 4.1458017e+01
1.0764164e+01 3.9013435e+01
9.6951207e+00 3.5888694e+01
1.5163852e+01 3.7038086e+01
1.5684499e+01 3.7549556e+01
1.6241400e+01 3.7455846e+01
1.5275664e+01 3.9277936e+01
1.8416765e+01 3.9637916e+01
1.6496987e+01 4.2722791e+01
1.5582831e+01 4.4809960e+01
1.3223530e+01 4.4234843e+01
1.3488259e+01 4.6133519e+01
1.8124153e+01 4.7437193e+01
2.0475450e+01 4.5302941e+01
2.1972423e+01 4.5915739e+01
2.3807851e+01 4.5571019e+01
2.4167636e+01 4.3244125e+01
2.3668765e+01 4.2003341e+01
2.4804719e+01 4.1097696e+01
2.5645641e+01 4.0736807e+01
2.5610804e+01 3.7448167e+01
2.2971037e+01 3.4399274e+01
2.1684893e+01 3.4471479e+01
2.2089532e+01 3.2297908e+01
2.1651228e+01 3.0729349e+01
1.9451504e+01 2.9567850e+01
1.8855888e+01 2.6381778e+01
1.7813971e+01 2.5087202e+01
1.4933210e+01 2.5215046e+01
1.4484514e+01 2.4866605e+01
1.2810404e+01 2.6469939e+01
1.2655793e+01 2.8523619e+01
1.5132018e+01 2.7805803e+01
1.3338678e+01 3.1166493e+01
1.5987472e+01 3.3811213e+01
1.6981765e+01 3.5053736e+01
1.7509102e+01 3.4346743e+01
2.6490624e+01 2.8270809e+01
2.6627942e+01 2.7698406e+01
2.8908760e+01 3.1505921e+01
2.8981990e+01 3.2280464e+01
3.1769922e+01 3.4289049e+01
3.2760940e+01 3.3480818e+01
3.3865061e+01 3.3265685e+01
3.6560682e+01 3.4859771e+01
3.6753051e+01 3.5460052e+01
3.8541492e+01 3.4239443e+01
3.9753204e+01 3.2688484e+01
3.8289549e+01 3.2156192e+01
3.8258560e+01 3.0357186e+01
4.1238577e+01 3.1177180e+01
4.1623891e+01 2.9888898e+01
4.3767138e+01 3.1632501e+01
4.4399578e+01 3.3045785e+01
4.7162393e+01 3.4604750e+01
4.6524842e+01 3.7758143e+01
4.6335509e+01 3.8383631e+01
4.9706584e+01 4.0664896e+01
5.4254167e+01 3.8816377e+01
5.3726934e+01 3.7187224e+01
5.3148091e+01 3.2629277e+01
4.8751772e+01 3.1088428e+01
4.7441752e+01 2.8598331e+01
4.7377892e+01 2.6554806e+01
4.5560346e+01 2.5779794e+01
4.6432858e+01 2.4530781e+01
4.8194530e+01 2.4384467e+01
4.9158480e+01 2.3301018e+01
5.0793936e+01 2.4529099e+01
5.1463967e+01 2.6031057e+01
5.1171147e+01 2.6647631e+01
5.3011170e+01 2.5740351e+01
5.4574876e+01 1.9822411e+01
5.3882158e+01 1.7294881e+01
5.4114075e+01 1.4416560e+01
5.1576606e+01 1.4319405e+01
4.9003064e+01 1.5449164e+01
4.3564535e+01 1.5416534e+01
4.3507569e+01 1.6693159e+01
4.2843789e+01 1.9174430e+01
3.9889037e+01 1.6013421e+01
3.7550967e+01 1.8133759e+01
3.5549749e+01 1.8031829e+01
3.5306764e+01 1.7844277e+01
3.3983328e+01 1.7077995e+01
3.3304837e+01 1.6339036e+01
3.0827039e+01 1.4544952e+01
2.9473139e+01 1.6538863e+01
2.7160203e+01 1.7536254e+01
2.5837408e+01 1.5380163e+01
2.7065211e+01 1.3638324e+01
2.3222415e+01 1.3543568e+01
2.2919594e+01 1.4193155e+01
2.2623193e+01 1.3016497e+01
2.2626047e+01 1.5568728e+01
1.9992484e+01 1.3147689e+01
1.8642702e+01 1.1462207e+01
2.5524190e+01 6.3538075e+00
2.5227245e+01 3.5850309e+00
2.9066619e+01 6.0430151e+00
3.0010359e+01 6.8485234e+00
2.9979663e+01 8.6647870e+00
3.0201428e+01 4.7446908e+00
3.2148887e+01 3.2793510e+00
3.4544371e+01 4.6526430e+00
3.4916601e+01 1.0083085e+00
3.3350809e+01 -1.0720243e-01
3.2272821e+01 -1.1517568e+00
3.1435710e+01 -3.1987634e+00
3.0693830e+01 -4.6757436e+00
3.2112008e+01 -7.3065862e+00
3.2146771e+01 -7.8453557e+00
3.3108561e+01 -8.8069523e+00
3.1333611e+01 -9.1882227e+00
3.6037177e+01 -8.8651803e+00
3.6551026e+01 -7.7703090e+00
3.5406585e+01 -5.9427829e+00
4.0226906e+01 -3.4780163e+00
4.2720393e+01 -1.5684892e+00
4.3246672e+01 -1.2171778e+00
4.5499331e+01 -2.6902205e+00
4.5058885e+01 -3.9301285e+00
4.3243472e+01 -5.6920615e+00
4.8091299e+01 -7.6635912e+00
4.6649573e+01 -9.8477564e+00
4.8177749e+01 -1.0444328e+01
4.7664900e+01 -1.3170008e+01
4.4917402e+01 -1.1199722e+01
5.1466812e+01 -5.2293023e+00
5.0347418e+01 -2.2626548e+00
5.1507289e+01 -1.3822328e+00
5.5720873e+01 -2.2705208e+00
5.5890284e+01 -1.4456553e+00
5.7805744e+01 -3.0709612e+00
5.9400271e+01 -2.5452599e+00
6.1657559e+01 -3.0399398e+00
6.1024777e+01 -5.1273977e+00
6.0319931e+01 -5.4463736e+00
6.0532390e+01 -2.4361911e-01
6.0624099e+01 2.2149860e-02
5.8068767e+01 2.5224279e-01
6.0582592e+01 4.0202199e+00
6.0392352e+01 9.2176938e+00
5.9207224e+01 1.1054666e+01
5.8613446e+01 1.4595043e+01
5.7974420e+01 1.5940009e+01
5.7470160e+01 1.7003073e+01
6.2365706e+01 2.2800559e+01
6.1478828e+01 2.4482798e+01
6.4664689e+01 2.4218785e+01
6.4514135e+01 2.2418670e+01
6.8314815e+01 2.2284426e+01
6.9521707e+01 2.2099769e+01
6.9423473e+01 2.2902718e+01
7.2415967e+01 2.1576232e+01
7.3926468e+01 2.1348130e+01
7.3352335e+01 1.8267353e+01
7.0559396e+01 1.4494457e+01
6.9092786e+01 1.4383110e+01
6.7118559e+01 1.2313181e+01
6.7015523e+01 1.1940698e+01
6.5829014e+01 1.0455231e+01
6.4468539e+01 1.1479137e+01
6.4952726e+01 8.4070705e+00
6.4709429e+01 7.3364892e+00
6.7700983e+01 7.1711516e+00
6.7730307e+01 6.4395991e+00
6.8152216e+01 3.2009462e+00
7.1777306e+01 4.7644548e+00
7.1333026e+01 5.7470564e+00
7.2575134e+01 6.9521900e+00
7.3853520e+01 8.0153374e+00
7.3218558e+01 9.0558719e+00
7.4392747e+01 1.0049117e+01
7.4572330e+01 1.0935051e+01
7.1801428e+01 1.0614980e+01
7.6121776e+01 7.9422059e+00
7.7290807e+01 7.3992883e+00
7.8146757e+01 8.2018595e+00
8.0160120e+01 7.6706789e+00
7.8732507e+01 4.3997035e+00
7.7711056e+01 4.2123833e+00
7.6587457e+01 5.3825621e+00
7.4873672e+01 2.1962992e+00
7.0589710e+01 -8.5417424e-02
7.6217291e+01 -3.8019919e+00
7.8738512e+01 -1.9649632e+00
7.9735954e+01 -3.7352053e+00
8.1654168e+01 -4.9775664e+00
8.2917738e+01 -3.9439350e+00
8.3015344e+01 -6.7654649e-01
8.0929169e+01 5.5073780e-01
8.4267093e+01 3.6245950e+00
9.1193164e+01 3.2471405e+00
9.2789347e+01 2.2811333e+00
9.3214783e+01 3.7224917e+00
9.5134062e+01 5.4881321e+00
9.5090625e+01 8.4035221e+00
9.4326476e+01 1.1574171e+01
9.7304101e+01 1.4069101e+01
9.8357903e+01 1.3305098e+01
9.9808587e+01 1.5275032e+01
9.7847096e+01 1.6233416e+01
9.9721296e+01 1.8380999e+01
9.8786621e+01 2.0386356e+01
9.8153382e+01 2.2365041e+01
9.6970971e+01 2.3158163e+01
9.5435687e+01 2.2967574e+01
9.5240234e+01 2.3619941e+01
9.2452681e+01 2.5506687e+01
9.1929148e+01 2.7223562e+01
8.9136527e+01 2.6956642e+01
8.8576163e+01 2.7336179e+01
8.8668907e+01 3.0955380e+01
9.2363733e+01 3.1302995e+01
9.3723010e+01 3.1549364e+01
9.2830926e+01 3.3656428e+01
9.1381206e+01 3.5201146e+01
9.1326583e+01 3.7409278e+01
9.3990740e+01 3.6858101e+01
9.3603785e+01 3.9035761e+01
9.4652397e+01 4.1827440e+01
9.5759856e+01 4.2329386e+01
9.2355105e+01 4.2976387e+01
9.1713144e+01 4.4291464e+01
8.7830946e+01 4.3003625e+01
8.4356413e+01 4.0992587e+01
8.4747604e+01 3.6652344e+01
8.6217054e+01 3.6015211e+01
8.5424974e+01 3.3168310e+01
8.3504759e+01 3.3663671e+01
7.9421742e+01 3.5833528e+01
7.9083757e+01 3.5185487e+01
7.7290687e+01 3.6449210e+01
7.8928392e+01 3.0923411e+01
7.8249732e+01 3.0171686e+01
7.8543079e+01 2.7767838e+01
8.1305516e+01 2.5213330e+01
8.1688148e+01 2.4543463e+01
8.3564087e+01 2.8063932e+01
8.2636434e+01 2.8730647e+01
8.5684091e+01 2.0976766e+01
8.2532037e+01 1.9884245e+01
7.9258968e+01 1.8189215e+01
8.0767254e+01 1.5789956e+01
7.9902685e+01 1.4124881e+01
7.8373929e+01 1.1514344e+01
7.7593949e+01 1.1356529e+01
7.6418444e+01 1.4334633e+01
8.2692786e+01 1.0471700e+01
8.6488878e+01 1.0565803e+01
8.6707280e+01 1.0717914e+01
8.7624270e+01 1.4268319e+01
8.9516203e+01 1.4508595e+01
8.6967077e+01 1.6985751e+01
9.1040645e+01 1.9557056e+01
9.2174065e+01 1.7775969e+01
9.3556182e+01 1.7278007e+01
9.3672929e+01 1.7332029e+01
9.3556961e+01 1.9996489e+01
9.5636435e+01 1.9618177e+01
9.2075646e+01 2.1716394e+01
9.5279289e+01 2.9799619e+01
9.9660240e+01 3.5717019e+01
9.8964601e+01 3.8540894e+01
9.9403718e+01 4.6178740e+01
9.0013779e+01 5.0823810e+01
8.8058641e+01 5.1738827e+01
8.6016062e+01 5.3570322e+01
8.7839668e+01 5.4737294e+01
8.3608312e+01 4.7509773e+01
8.0840021e+01 4.8177666e+01
7.9164196e+01 4.8734705e+01
7.9027914e+01 4.6487069e+01
7.5075010e+01 4.4931939e+01
7.3763842e+01 4.1082168e+01
6.9492530e+01 4.4570721e+01
6.8515527e+01 4.5675693e+01
6.8797783e+01 4.6149794e+01
6.7360576e+01 4.8391175e+01
6.7586548e+01 5.2237877e+01
7.1717088e+01 5.0014139e+01
7.2330005e+01 5.1582782e+01
7.4566893e+01 5.3165286e+01
7.5339212e+01 5.4073616e+01
6.1860330e+01 5.1429267e+01
5.9875294e+01 4.9262631e+01
6.0663223e+01 4.8198026e+01
6.3590091e+01 4.4579721e+01
5.8422088e+01 4.2014370e+01
5.8804847e+01 3.8259323e+01
6.2357982e+01 3.5995843e+01
6.1545600e+01 3.4382182e+01
5.8877848e+01 2.9618666e+01
6.0065635e+01 2.8415171e+01
6.4077857e+01 2.7486851e+01
6.4839872e+01 2.6522271e+01
6.7032483e+01 2.6363610e+01
6.7880066e+01 2.9737520e+01
6.8905860e+01 3.2225796e+01
6.9963421e+01 3.4736902e+01
6.8244303e+01 3.5002803e+01
6.6753858e+01 3.6655293e+01
7.0983413e+01 3.0208570e+01
7.2984484e+01 3.1234455e+01
7.2826732e+01 2.5298443e+01
7.2928824e+01 2.5157546e+01
7.2196170e+01 2.4870817e+01
5.6435279e+01 7.7767428e+00
4.4566651e+01 5.9992024e+00
4.3606811e+01 8.5340613e+00
4.3567633e+01 1.1336269e+01
4.0700235e+01 1.1539908e+01
3.6877332e+01 1.0503334e+01
3.6253697e+01 1.0095656e+01
3.5520135e+01 1.1856192e+01
4.0096401e+01 7.4611632e+00
4.0478131e+01 5.9005818e+00
4.0608256e+01 4.8971082e+00
3.9967323e+01 4.9617614e+00
3.9211672e+01 1.6759257e+00
3.5795967e+01 2.0384281e+01
3.5544102e+01 2.2914247e+01
3.4608275e+01 2.3948886e+01
3.4331963e+01 2.5141129e+01
3.7427791e+01 2.3880903e+01
3.2164256e+01 2.7694143e+01
3.1881320e+01 1.9436031e+01
3.1147703e+01 1.9328045e+01
2.3448371e+01 1.9190100e+01
2.1935530e+01 2.0789797e+01
2.0869382e+01 2.2368973e+01
1.9043428e+01 2.0095944e+01
1.4697681e+01 2.0261403e+01
1.0577263e+01 2.2050780e+01
9.6025762e+00 9.9014403e+00
1.3457453e+00 2.2729707e+00
7.1657323e+00 -5.5384468e+00
1.0063243e+01 -7.9965143e+00
9.3241541e+00 -1.0776305e+01
8.9098134e+00 -1.0989795e+01
5.5193110e+00 -1.2016350e+01
4.6860129e+00 -9.8028766e+00
1.6045167e-01 -9.6906454e+00
1.3698148e+01 -5.1402573e+00
1.3607205e+01 -3.1935886e+00
1.4547858e+01 -2.6451435e+00
1.2641139e+01 -2.4600407e+00
1.8432357e+01 -3.1398072e+00
1.9130330e+01 -3.6215202e+00
1.9447549e+01 2.1559360e+00
4.8194362e+01 2.0876948e+01
4.2996743e+01 3.6031349e+01
4.0079552e+01 4.0179576e+01
3.7582625e+01 4.2355955e+01
3.8225451e+01 4.5943027e+01
3.4517683e+01 4.8443944e+01
3.6815874e+01 5.0205892e+01
3.6768887e+01 5.2789346e+01
3.6939230e+01 5.4309000e+01
3.7244410e+01 5.4508230e+01
3.1767391e+01 5.2082580e+01
2.9411542e+01 5.0495337e+01
2.8425968e+01 4.9905404e+01
2.6344960e+01 5.0483805e+01
2.5963005e+01 5.2952956e+01
2.7581864e+01 5.2662992e+01
3.3232731e+01 4.4710697e+01
3.0826042e+01 4.3447740e+01
3.2065674e+01 3.8716078e+01
4.3276253e+01 4.5861835e+01
4.4954338e+01 4.9991495e+01
4.2875192e+01 5.0480449e+01
4.3141772e+01 5.3170648e+01
4.7380290e+01 4.7958177e+01
4.8809533e+01 4.6068751e+01
1.2998991e+01 5.1797914e+01
1.0720552e+01 5.1473445e+01
8.7758216e+00 4.7839530e+01
5.1908344e+00 4.6536507e+01
1.1815648e+00 4.6669162e+01
2.9807478e+00 5.0768073e+01
7.6991289e+01 -7.3860005e+00
8.0085737e+01 -6.6180432e+00
8.0560292e+01 -7.5393328e+00
8.0418745e+01 -7.6970869e+00
8.1471326e+01 -1.0074543e+01
8.6688253e+01 -9.4061979e+00
9.2774237e+01 -1.4045853e-01
9.9729818e+01 7.3640651e-01
9.1029460e+01 6.7034500e+00
8.4010160e+01 -3.3126311e+01
8.4116078e+01 -3.3860816e+01
8.5828945e+01 -3.4022178e+01
8.9716001e+01 -3.6115337e+01
9.1232624e+01 -3.5367762e+01
9.6589912e+01 -4.3649468e+01
9.3684500e+01 -4.6170912e+01
9.4691338e+01 -4.7386670e+01
9.9757663e+01 -4.6501309e+01
9.9008554e+01 -5.1023020e+01
9.1570215e+01 -5.4599015e+01
8.8933866e+01 -5.5134491e+01
9.1962865e+01 -5.7354303e+01
9.1629404e+01 -6.2414017e+01
8.9930942e+01 -6.2058392e+01
8.1253533e+01 -5.9082424e+01
7.9755090e+01 -6.2508342e+01
7.6670137e+01 -5.2055559e+01
7.5345179e+01 -4.9508944e+01
7.8934391e+01 -3.9479335e+01
6.9063110e+01 -3.7785511e+01
6.7125310e+01 -3.9836932e+01
3.8749624e+01 -4.5627907e+01
3.7857069e+01 -4.5169906e+01
3.6246534e+01 -4.4269934e+01
9.9847400e+01 -5.9775421e+01
