7.9665395e+01 5.9114153e+01
8.1375916e+01 6.0007702e+01
8.2714653e+01 6.3615534e+01
8.6933980e+01 6.5592189e+01
8.8249058e+01 6.7465215e+01
9.1421787e+01 6.7815492e+01
9.1628471e+01 6.4922864e+01
9.4114508e+01 6.4737392e+01
9.6187740e+01 6.2626524e+01
9.6855456e+01 6.0834105e+01
9.5401637e+01 5.8523387e+01
9.3084640e+01 5.8095302e+01
9.2257163e+01 5.5710166e+01
8.7677109e+01 6.2001524e+01
8.4030918e+01 5.6975329e+01
7.8523490e+01 5.6863587e+01
7.3951370e+01 5.7880192e+01
7.3325499e+01 5.5895834e+01
6.8918995e+01 5.4938598e+01
6.6986683e+01 5.7283753e+01
6.9754121e+01 5.8783778e+01
6.3867865e+01 5.9937473e+01
6.2674811e+01 5.9256708e+01
6.2760472e+01 6.0982311e+01
5.8245850e+01 6.1060176e+01
5.4268723e+01 6.1697943e+01
5.4079724e+01 6.2062610e+01
5.2301898e+01 5.8650258e+01
5.0989947e+01 5.7786805e+01
5.0677322e+01 5.7251278e+01
4.9416937e+01 5.6973528e+01
5.1050369e+01 5.5176166e+01
4.6765589e+01 5.6691146e+01
4.6627664e+01 5.6402704e+01
4.6588704e+01 5.7280268e+01
4.4586340e+01 5.5948236e+01
4.3405931e+01 5.7030772e+01
4.3960349e+01 5.8612806e+01
4.3680592e+01 5.9000891e+01
4.1298702e+01 5.8839980e+01
3.7310387e+01 5.7903364e+01
3.3432179e+01 5.8077325e+01
3.1771267e+01 6.0541624e+01
3.0015762e+01 6.2205325e+01
2.9630141e+01 6.5747275e+01
2.7493774e+01 6.5331023e+01
2.6145097e+01 6.2669647e+01
2.3589250e+01 6.6007081e+01
2.2529562e+01 6.6357720e+01
2.4597761e+01 6.8720312e+01
2.6014441e+01 6.9095903e+01
2.3185341e+01 7.0425644e+01
2.2346591e+01 7.3382642e+01
2.1486013e+01 7.4992627e+01
2.3634823e+01 7.5103143e+01
2.2821813e+01 7.8421735e+01
2.1029556e+01 8.2934413e+01
2.1285193e+01 8.3081746e+01
2.1963631e+01 8.3911942e+01
2.2732742e+01 8.4799244e+01
2.5820638e+01 8.4668653e+01
2.0627618e+01 8.8035567e+01
1.8585925e+01 8.3947359e+01
1.5731142e+01 8.1598068e+01
1.2146633e+01 8.0137908e+01
1.0753884e+01 8.1792035e+01
8.8724550e+00 7.9104645e+01
1.0199422e+01 7.8048709e+01
7.1905788e+00 7.8240045e+01
6.5776104e+00 8.0116891e+01
1.2332494e+01 7.5442625e+01
1.4792240e+01 7.7411213e+01
1.7301759e+01 7.2161971e+01
1.9320727e+01 6.6301939e+01
1.8693028e+01 6.6037349e+01
1.7427588e+01 6.1500143e+01
1.2500831e+01 6.1698889e+01
1.0641657e+01 6.0668703e+01
1.0370420e+01 5.8350556e+01
1.1885876e+01 5.4940771e+01
6.2653028e+00 5.6814851e+01
6.1914165e+00 6.0043335e+01
5.7724252e+00 6.0700827e+01
2.4184587e+00 5.8284890e+01
9.0502460e-01 5.8871485e+01
5.3912479e-01 5.9864872e+01
6.6207974e-02 6.3679974e+01
4.3624709e+00 6.7514435e+01
9.3727369e+00 6.3510893e+01
1.1179115e+01 6.7148519e+01
2.1582449e+01 5.7232463e+01
3.3785766e+01 6.2582104e+01
3.7445127e+01 6.4090917e+01
3.8223225e+01 6.3076027e+01
3.9539589e+01 6.4838601e+01
3.6707023e+01 6.6662489e+01
3.6509612e+01 6.7531487e+01
3.4901248e+01 6.6980539e+01
3.2410430e+01 6.7321062e+01
3.1260143e+01 6.7404992e+01
2.9745700e+01 7.0364710e+01
3.0673100e+01 7.1638511e+01
2.9236259e+01 7.3147211e+01
2.8518327e+01 7.5389156e+01
3.0994604e+01 7.7164251e+01
3.1764624e+01 7.9933597e+01
3.2288899e+01 8.2366933e+01
3.3252019e+01 8.2995356e+01
3.4166406e+01 8.3278941e+01
3.4554503e+01 8.8917301e+01
3.5804180e+01 9.1439210e+01
3.7562874e+01 9.3847784e+01
3.6538650e+01 9.5212355e+01
3.5553771e+01 9.5377945e+01
3.5082376e+01 9.8208840e+01
3.2623027e+01 9.9064441e+01
3.1505129e+01 9.5523140e+01
2.8725939e+01 9.4389855e+01
2.8133408e+01 9.6485463e+01
2.6918853e+01 9.5700500e+01
2.4961615e+01 9.5198872e+01
1.9158881e+01 9.4630452e+01
1.7153194e+01 9.5535896e+01
1.3961518e+01 9.4408131e+01
1.2447463e+01 9.5261891e+01
9.0796834e+00 9.6172558e+01
3.7150064e+00 9.4688875e+01
1.3247341e+00 9.8095581e+01
3.5706411e+00 9.9594269e+01
8.6202687e+00 1.0491075e+02
1.1063212e+01 1.0624290e+02
6.4418571e+00 1.0769058e+02
6.6663841e+00 1.1139296e+02
2.4988537e+00 1.1188096e+02
2.6794917e+00 1.1648029e+02
3.5334839e+00 1.1936373e+02
3.0402798e+00 1.2050633e+02
5.8505941e+00 1.1744765e+02
1.2297190e+01 1.1629700e+02
1.2282193e+01 1.1915805e+02
1.6763750e+01 1.2558258e+02
1.6750019e+01 1.2606707e+02
1.6777682e+01 1.2874984e+02
1.6871944e+01 1.3095172e+02
1.9976923e+01 1.2967416e+02
2.4690445e+01 1.3161841e+02
2.5015852e+01 1.3408302e+02
2.6344900e+01 1.3621432e+02
2.7450145e+01 1.3489503e+02
2.2390236e+01 1.3557601e+02
2.3018398e+01 1.4109380e+02
1.7717685e+01 1.4663362e+02
2.5498542e+01 1.4885821e+02
3.1525664e+01 1.4619222e+02
3.5615810e+01 1.4439509e+02
3.8713887e+01 1.4899068e+02
3.6188521e+01 1.5272329e+02
3.3701958e+01 1.5611067e+02
3.7678010e+01 1.5689814e+02
4.0584510e+01 1.5539480e+02
4.5038500e+01 1.5504880e+02
3.7650925e+01 1.6127327e+02
3.9270918e+01 1.6429312e+02
3.3317045e+01 1.6703019e+02
2.9361905e+01 1.6792335e+02
2.2363131e+01 1.6304306e+02
2.0745953e+01 1.6588915e+02
1.8106258e+01 1.6267917e+02
1.0392159e+01 1.5993043e+02
9.0822137e+00 1.5901843e+02
7.5046015e+00 1.5416728e+02
7.6096353e+00 1.5258659e+02
7.9273812e+00 1.5021678e+02
9.1764812e+00 1.5061492e+02
3.7904151e+00 1.4933091e+02
1.2026583e+00 1.4400164e+02
1.8408499e+00 1.4268653e+02
7.9971341e+00 1.3951868e+02
1.1193793e+01 1.4078746e+02
1.0194144e+01 1.3460608e+02
7.7763511e+00 1.3253097e+02
4.6828246e+00 1.2939120e+02
4.7987907e-01 1.3060027e+02
1.4308446e+01 1.1142379e+02
1.6403606e+01 1.0988234e+02
1.6941899e+01 1.0881321e+02
2.2913037e+01 1.1106309e+02
2.4781591e+01 1.0817040e+02
2.7526549e+01 1.0378743e+02
3.1674715e+01 1.0398452e+02
3.4492099e+01 1.0411123e+02
3.7951607e+01 1.0537010e+02
3.8068370e+01 1.0737452e+02
3.5358624e+01 1.0978073e+02
3.5428771e+01 1.1427284e+02
3.3634261e+01 1.1969339e+02
3.1830522e+01 1.2041785e+02
3.1108997e+01 1.2278823e+02
2.9083321e+01 1.2425678e+02
2.6297257e+01 1.2792201e+02
2.5747826e+01 1.2098356e+02
3.5147304e+01 1.3037395e+02
3.9391140e+01 1.3039344e+02
4.2820937e+01 1.2864779e+02
4.2234485e+01 1.3314305e+02
4.1775279e+01 1.3666359e+02
4.1289711e+01 1.4159627e+02
3.7040819e+01 1.3866300e+02
3.3208831e+01 1.3622570e+02
4.6659620e+01 1.3239064e+02
5.1761449e+01 1.2943194e+02
5.5978170e+01 1.3068423e+02
5.6817659e+01 1.3155426e+02
5.7418409e+01 1.3699091e+02
5.5220456e+01 1.3789506e+02
5.8219148e+01 1.4141831e+02
5.2395238e+01 1.4322492e+02
5.0531413e+01 1.4583375e+02
4.9075256e+01 1.4526323e+02
5.1479505e+01 1.4758835e+02
5.5193092e+01 1.5369589e+02
5.6417134e+01 1.5482674e+02
5.9097739e+01 1.5309746e+02
6.3642889e+01 1.5315140e+02
6.0721175e+01 1.5939932e+02
5.6841291e+01 1.5934529e+02
5.8144626e+01 1.6605442e+02
6.4104329e+01 1.6251136e+02
6.6400679e+01 1.6656831e+02
6.8356890e+01 1.6591969e+02
7.2984884e+01 1.6867839e+02
7.7058880e+01 1.6373478e+02
8.1528600e+01 1.6573546e+02
8.2291702e+01 1.6078046e+02
8.5086081e+01 1.6025748e+02
8.6957599e+01 1.5822242e+02
8.8576214e+01 1.6274874e+02
8.6802314e+01 1.6967043e+02
9.0908892e+01 1.7539909e+02
9.6309008e+01 1.8127834e+02
9.3431208e+01 1.9220626e+02
8.8380890e+01 1.9981537e+02
8.5619608e+01 1.9874098e+02
9.3023336e+01 2.0627449e+02
9.8759834e+01 2.0618273e+02
8.1302036e+01 2.1061393e+02
7.8982370e+01 2.1434499e+02
8.1195072e+01 2.1848846e+02
6.4766099e+01 2.1197706e+02
6.3766361e+01 2.0947247e+02
6.1370218e+01 2.0184937e+02
5.6376245e+01 1.9934988e+02
5.3170937e+01 1.9742213e+02
4.7287872e+01 1.9655051e+02
4.9027009e+01 1.9308172e+02
4.3841167e+01 1.9017370e+02
3.9571920e+01 1.8817408e+02
3.8775115e+01 1.9141501e+02
3.5570172e+01 1.8768184e+02
2.9653436e+01 1.8343577e+02
2.6186548e+01 1.7933480e+02
2.5906581e+01 1.7889882e+02
2.6415026e+01 1.7843387e+02
1.7825309e+01 1.8363087e+02
1.5944743e+01 1.8553061e+02
1.9010391e+01 1.8819691e+02
2.3300316e+01 1.9000741e+02
2.3987717e+01 1.9228943e+02
2.2890737e+01 1.9440217e+02
2.1752405e+01 1.9805704e+02
1.9004740e+01 2.0356482e+02
1.3768758e+01 2.0207147e+02
1.0418157e+01 1.9617532e+02
7.6465115e+00 1.9040519e+02
1.0441063e+01 1.8592387e+02
2.8572389e+00 1.7978418e+02
2.8734700e+00 1.9388956e+02
6.2117578e-01 1.9553528e+02
4.3355280e+00 2.1118543e+02
1.9279042e+01 2.2812180e+02
1.8169090e+01 2.3077073e+02
2.0116333e+01 2.4176750e+02
2.5271988e+01 2.4192326e+02
2.8611725e+01 2.5789678e+02
3.8138639e+01 2.7080063e+02
4.8478918e+01 2.7058633e+02
4.7789651e+01 2.5022882e+02
3.8055657e+01 2.2934685e+02
4.5683401e+01 2.2300979e+02
4.4929931e+01 2.2108072e+02
5.1431377e+01 2.2562002e+02
5.8986609e+01 2.2817664e+02
7.0641867e+01 2.3669535e+02
8.0150877e+01 2.4514305e+02
9.5768669e+01 2.3365346e+02
8.6086072e+01 2.6851902e+02
9.8353435e+01 3.2461001e+02
9.3584214e+00 2.4946817e+02
3.7105043e+01 2.1500263e+02
4.8616620e+01 2.0350306e+02
5.2307088e+01 2.0784308e+02
7.2003181e+01 1.9731616e+02
7.0781758e+01 1.9447966e+02
7.0374049e+01 1.8486226e+02
7.0332691e+01 1.7800865e+02
7.7356759e+01 1.8069798e+02
8.0662877e+01 1.8015775e+02
8.3418847e+01 1.8053829e+02
7.0547594e+01 1.6003113e+02
7.4979259e+01 1.5272757e+02
7.6556689e+01 1.5064377e+02
7.5496671e+01 1.4730921e+02
7.5859557e+01 1.4572805e+02
7.1285007e+01 1.4229333e+02
6.8539501e+01 1.4199308e+02
6.6687692e+01 1.4122816e+02
6.8897575e+01 1.3760993e+02
6.4858825e+01 1.3250934e+02
6.2665211e+01 1.3347089e+02
7.1082533e+01 1.2979461e+02
7.7143624e+01 1.2860011e+02
7.6827434e+01 1.2419777e+02
7.4184419e+01 1.2066569e+02
7.5667760e+01 1.1970147e+02
7.5021656e+01 1.1514311e+02
7.5113804e+01 1.1379924e+02
7.1594167e+01 1.1594359e+02
6.9772729e+01 1.0780159e+02
6.7635749e+01 1.0815110e+02
6.6893936e+01 1.0762711e+02
6.4570519e+01 1.1046664e+02
6.3469559e+01 1.0915874e+02
5.9346928e+01 1.0688189e+02
5.7901296e+01 1.1080363e+02
5.7784101e+01 1.1446410e+02
5.9952369e+01 1.1515610e+02
6.1422915e+01 1.1816998e+02
5.5740123e+01 1.1691792e+02
5.1276439e+01 1.1883999e+02
5.2610036e+01 1.2374611e+02
5.5425387e+01 1.2446054e+02
4.6086132e+01 1.2202084e+02
4.7627553e+01 1.1392992e+02
4.8547345e+01 1.1398965e+02
4.9682843e+01 1.1191270e+02
5.0458905e+01 1.1048387e+02
4.9590752e+01 1.0861223e+02
4.9829904e+01 1.0842753e+02
5.2132171e+01 1.0583350e+02
5.2089070e+01 1.0319318e+02
5.0096952e+01 1.0241674e+02
4.9363044e+01 9.9431968e+01
4.7348586e+01 9.8812753e+01
4.3042800e+01 9.8672526e+01
3.9811747e+01 9.8807208e+01
3.9612450e+01 9.8854709e+01
3.7384128e+01 1.0157691e+02
4.2636051e+01 1.0756255e+02
4.6024853e+01 1.0737254e+02
4.7236487e+01 1.1154930e+02
4.2259149e+01 1.1097517e+02
5.4026142e+01 1.0850526e+02
5.3467699e+01 9.9935493e+01
5.4701956e+01 9.8312232e+01
5.5400994e+01 9.6497997e+01
5.2703933e+01 8.9303858e+01
5.3548639e+01 8.8760285e+01
5.4652798e+01 8.8399430e+01
5.5983701e+01 8.7247628e+01
5.6711862e+01 8.8255501e+01
5.8014690e+01 8.6131300e+01
5.9933514e+01 8.8101798e+01
6.2500354e+01 8.8743309e+01
6.9143409e+01 9.3161459e+01
7.0531570e+01 9.0795026e+01
7.3316043e+01 9.5677470e+01
7.4404964e+01 9.7108241e+01
7.5516980e+01 9.8662114e+01
7.4635345e+01 1.0253042e+02
7.3143160e+01 1.0237807e+02
7.0596023e+01 9.9214139e+01
7.1312310e+01 9.6982522e+01
6.7724162e+01 9.6112522e+01
6.4576150e+01 1.0040648e+02
7.9653081e+01 1.0341599e+02
8.4240060e+01 1.0093922e+02
8.6686280e+01 1.0192069e+02
8.6254009e+01 9.8423760e+01
8.5661110e+01 9.7952985e+01
8.1632770e+01 9.5130978e+01
8.2279739e+01 9.2788426e+01
8.2640748e+01 9.2473742e+01
8.0654237e+01 9.2231853e+01
8.1800799e+01 8.5299526e+01
8.2119682e+01 8.4472319e+01
8.2735729e+01 8.0579047e+01
8.6834789e+01 8.1128382e+01
8.9355445e+01 7.6289899e+01
9.0169370e+01 7.2193123e+01
8.8342211e+01 7.1297025e+01
8.6886454e+01 7.1329980e+01
8.4457451e+01 7.2037098e+01
8.2838041e+01 7.3950204e+01
8.0675802e+01 6.8536591e+01
7.6616189e+01 7.0833923e+01
7.5138066e+01 6.7629217e+01
7.3361006e+01 6.7623481e+01
7.1329276e+01 6.9044276e+01
7.0284271e+01 6.8256325e+01
6.8159659e+01 6.4956135e+01
6.5466530e+01 6.6142791e+01
6.1926284e+01 6.8983599e+01
6.0019325e+01 6.7968188e+01
6.0331710e+01 6.7305033e+01
5.8949540e+01 7.1027664e+01
5.8680200e+01 7.2842539e+01
5.8818087e+01 7.5163124e+01
5.9740815e+01 7.8534394e+01
5.7037071e+01 7.9955406e+01
5.8090024e+01 8.1388269e+01
5.4170024e+01 7.9336410e+01
5.4291877e+01 7.7804176e+01
5.1894041e+01 7.3118554e+01
5.2510742e+01 7.2153177e+01
5.3632808e+01 7.2024970e+01
5.0283422e+01 6.9342844e+01
5.0243284e+01 6.6442214e+01
5.4479668e+01 6.7733435e+01
5.5622240e+01 6.6143601e+01
5.6308354e+01 5.7448367e+01
4.4276658e+01 6.8234876e+01
4.6805775e+01 7.1189540e+01
4.6737694e+01 7.1908822e+01
4.7921343e+01 7.4975395e+01
4.4636952e+01 7.4745640e+01
4.8260801e+01 7.8657351e+01
4.9833454e+01 8.2684466e+01
4.9025215e+01 8.7975863e+01
5.1647077e+01 8.9274715e+01
4.6430483e+01 9.2793089e+01
4.4849743e+01 8.8741583e+01
4.3765139e+01 8.8713068e+01
3.9048802e+01 8.7654665e+01
3.9044563e+01 9.1192952e+01
3.1176749e+01 8.9236824e+01
3.6562428e+01 7.6479526e+01
3.9634871e+01 7.7809077e+01
3.4509732e+01 7.2409794e+01
3.3087656e+01 7.1092743e+01
3.5881673e+01 7.0852354e+01
3.8259715e+01 6.8164186e+01
6.2907566e+01 7.6251713e+01
6.3495402e+01 7.5066428e+01
6.4214172e+01 7.3415591e+01
6.5274434e+01 7.5544083e+01
6.6090605e+01 7.5281323e+01
6.8588869e+01 7.4284954e+01
7.0679044e+01 7.3531745e+01
7.1449871e+01 7.2322471e+01
7.3880207e+01 7.4392280e+01
7.5919464e+01 7.6962864e+01
7.5549277e+01 7.8038295e+01
7.6859764e+01 7.6246913e+01
7.3168872e+01 7.9631100e+01
6.9385375e+01 7.8661848e+01
6.9297201e+01 7.7800909e+01
6.4302706e+01 7.7970817e+01
7.4724888e+01 6.5175837e+01
7.6668793e+01 6.5095187e+01
7.6343488e+01 6.1856037e+01
9.6998828e+01 6.6248203e+01
9.7486873e+01 6.4257302e+01
9.6698279e+01 7.3790593e+01
9.6446382e+01 7.4563749e+01
9.6251502e+01 7.7364046e+01
9.9149533e+01 7.8149672e+01
9.9280724e+01 7.8884729e+01
9.8505901e+01 8.4516268e+01
9.8792277e+01 8.8170312e+01
9.6026392e+01 9.5949848e+01
9.8226020e+01 1.0066875e+02
9.8073793e+01 1.0563232e+02
9.4807088e+01 1.0660019e+02
9.2245321e+01 1.0757130e+02
8.8814226e+01 1.0544611e+02
8.7385662e+01 1.0613994e+02
8.4395492e+01 1.1107312e+02
8.4238542e+01 1.1409942e+02
8.3977727e+01 1.1876565e+02
8.1170936e+01 1.2251506e+02
8.2975244e+01 1.2402124e+02
8.3907587e+01 1.2862078e+02
8.5364756e+01 1.3266326e+02
8.9938810e+01 1.3135772e+02
9.1242411e+01 1.2794626e+02
9.8000883e+01 1.2920315e+02
9.8686851e+01 1.2814143e+02
9.7899794e+01 1.3847338e+02
9.5106291e+01 1.4100155e+02
9.2040821e+01 1.3866135e+02
8.8061688e+01 1.3849511e+02
8.9785545e+01 1.3537845e+02
8.9462473e+01 1.4205533e+02
8.9798839e+01 1.4405511e+02
8.9884284e+01 1.4843746e+02
8.7134485e+01 1.4908378e+02
9.0993351e+01 1.5298639e+02
9.4706095e+01 1.5660457e+02
9.5691507e+01 1.4602390e+02
9.9448650e+01 1.4575780e+02
8.1590307e+01 1.4392858e+02
7.9604261e+01 1.3679242e+02
7.7755639e+01 1.3485955e+02
7.6086867e+01 1.3465440e+02
7.5683860e+01 1.3636771e+02
8.2825997e+01 1.5296565e+02
8.2738953e+01 1.5489853e+02
4.7554961e+01 1.6890853e+02
5.5361988e+01 1.8516429e+02
2.8931329e+01 1.9365804e+02
9.8022253e-01 1.5854471e+02
2.5771397e-01 1.5729602e+02
4.7895607e+01 1.3983720e+02
8.1968023e+01 1.0845519e+02
8.8669847e+01 1.1683418e+02
9.2250360e+01 1.1496607e+02
9.6390021e+01 1.1673427e+02
9.8548220e+01 1.1180710e+02
8.9436868e+01 9.0005613e+01
8.8007270e+01 9.0482114e+01
8.9830587e+01 8.6623367e+01
1.7480995e+01 1.0055378e+02
1.2640120e+01 9.0247412e+01
1.0388948e+01 8.9891741e+01
6.8988817e+00 8.9396419e+01
3.1596966e+00 9.0056579e+01
1.6766743e+00 9.0607054e+01
7.9491762e-01 8.6275293e+01
1.3080784e+01 8.4584632e+01
