7.6524005e+01 -1.3448554e+02
7.7568503e+01 -1.3284579e+02
7.9036242e+01 -1.3150617e+02
8.1735384e+01 -1.3099225e+02
8.6179251e+01 -1.2883494e+02
8.9758838e+01 -1.3203559e+02
9.2495303e+01 -1.3123465e+02
9.2966996e+01 -1.3254920e+02
9.0337118e+01 -1.3702137e+02
8.8454460e+01 -1.4249943e+02
9.2394519e+01 -1.4333948e+02
9.4446030e+01 -1.4270859e+02
9.9255705e+01 -1.4459132e+02
9.9418885e+01 -1.4560936e+02
9.9722254e+01 -1.3988789e+02
9.7702557e+01 -1.5108681e+02
9.8435730e+01 -1.5385865e+02
9.0933198e+01 -1.5626902e+02
8.8161881e+01 -1.5175808e+02
9.0606073e+01 -1.4770357e+02
8.3740733e+01 -1.4393957e+02
8.2787580e+01 -1.4960885e+02
7.6257716e+01 -1.4866634e+02
7.4972205e+01 -1.4671641e+02
7.2013131e+01 -1.4477319e+02
6.8861124e+01 -1.4078365e+02
7.5452509e+01 -1.3989775e+02
7.7021158e+01 -1.4063450e+02
6.5897112e+01 -1.4737966e+02
6.8364662e+01 -1.5422208e+02
7.1249925e+01 -1.5614136e+02
7.7020475e+01 -1.5659875e+02
7.7738839e+01 -1.6082200e+02
7.7404717e+01 -1.6417720e+02
7.9222956e+01 -1.6720807e+02
7.2390908e+01 -1.6629206e+02
7.5089276e+01 -1.7547351e+02
7.2345589e+01 -1.8084226e+02
6.8078207e+01 -1.7969207e+02
6.7707981e+01 -1.8241606e+02
6.7023082e+01 -1.8322576e+02
5.8508416e+01 -1.8532001e+02
5.2089578e+01 -1.8035534e+02
4.0165363e+01 -1.8682705e+02
3.2393585e+01 -1.8062920e+02
2.8794837e+01 -1.8741431e+02
2.4798963e+01 -1.8674404e+02
2.2369516e+01 -1.9227709e+02
1.6677425e+01 -1.8937545e+02
8.3038202e+00 -1.9402628e+02
1.3480468e+01 -1.9913071e+02
6.4903150e+00 -2.1202665e+02
7.0030807e+00 -2.1895494e+02
5.1049105e+00 -2.2314162e+02
8.9791956e+00 -2.3103563e+02
1.5367088e+01 -2.2667227e+02
1.7303489e+01 -2.3022705e+02
2.5476417e+01 -2.2236665e+02
2.9929779e+01 -2.1974931e+02
3.3595643e+01 -2.2498304e+02
3.4109962e+01 -2.1093054e+02
3.6804618e+01 -2.0761772e+02
4.3154044e+01 -2.0672108e+02
4.3824817e+01 -2.1243496e+02
5.4995916e+01 -2.0816047e+02
5.6921842e+01 -1.9710529e+02
6.9964703e+01 -1.9896069e+02
7.1675131e+01 -2.0157259e+02
7.2807173e+01 -1.9423875e+02
8.4830473e+01 -1.9310134e+02
9.2345206e+01 -1.8566905e+02
9.2495031e+01 -1.7479661e+02
8.9455873e+01 -1.6672672e+02
9.2002972e+01 -1.6417700e+02
8.8798473e+01 -1.6236708e+02
8.7824228e+01 -1.6130465e+02
8.1807471e+01 -1.7367852e+02
9.9953108e+01 -1.6956412e+02
6.2075227e+01 -1.6014484e+02
5.7732242e+01 -1.6296674e+02
5.7832891e+01 -1.6366165e+02
5.3510071e+01 -1.5940373e+02
4.9150640e+01 -1.5759416e+02
4.8988471e+01 -1.5709253e+02
4.5420619e+01 -1.5678442e+02
4.4006077e+01 -1.5427704e+02
4.5616951e+01 -1.5289116e+02
4.4137246e+01 -1.4897871e+02
4.1518961e+01 -1.5018688e+02
4.6467707e+01 -1.4631527e+02
4.8127797e+01 -1.4518911e+02
4.8520941e+01 -1.4285500e+02
5.3599533e+01 -1.3944014e+02
5.4778842e+01 -1.3439584e+02
5.4541691e+01 -1.3324060e+02
5.4948172e+01 -1.2874686e+02
5.5063187e+01 -1.2568475e+02
5.3699195e+01 -1.2571005e+02
5.3119480e+01 -1.2492595e+02
5.1886587e+01 -1.1951046e+02
5.0791721e+01 -1.1258856e+02
4.8486819e+01 -1.1064584e+02
4.4003758e+01 -1.1430014e+02
4.1436944e+01 -1.1158591e+02
4.0071665e+01 -1.0505006e+02
4.1320037e+01 -1.0413212e+02
4.0420119e+01 -1.0346398e+02
4.3389186e+01 -1.0257672e+02
4.3341832e+01 -9.6940876e+01
4.5829392e+01 -9.5010961e+01
4.5316355e+01 -9.4325918e+01
4.1472949e+01 -9.1583361e+01
3.9817678e+01 -8.5285788e+01
4.1610823e+01 -8.4479578e+01
4.3362875e+01 -8.0697977e+01
3.9993333e+01 -7.8150945e+01
3.9561298e+01 -7.5979701e+01
3.9923941e+01 -7.5055855e+01
4.3152648e+01 -7.3251655e+01
4.4192568e+01 -7.5324408e+01
4.2946046e+01 -7.0873862e+01
4.2382592e+01 -7.1014614e+01
4.3454913e+01 -6.8928120e+01
4.1656514e+01 -6.7523723e+01
4.2589305e+01 -6.5881501e+01
4.2199050e+01 -6.3355372e+01
3.8449324e+01 -6.2994491e+01
3.8049118e+01 -6.2424502e+01
3.5493720e+01 -6.4917736e+01
3.3057495e+01 -6.3742893e+01
2.9573330e+01 -6.7307554e+01
2.6481336e+01 -6.8188072e+01
2.5909231e+01 -6.6433065e+01
2.4574789e+01 -6.8748578e+01
2.2807759e+01 -6.8958969e+01
2.3169453e+01 -6.4156430e+01
1.8911688e+01 -6.4948085e+01
1.8666059e+01 -6.4013921e+01
1.7547682e+01 -6.5154479e+01
1.3448730e+01 -6.6858821e+01
1.1992880e+01 -6.4991468e+01
1.0304290e+01 -6.8937151e+01
8.8492798e+00 -6.9865716e+01
7.8589996e+00 -6.7942939e+01
7.7294821e+00 -6.4127276e+01
5.1059463e+00 -6.3166529e+01
1.9615677e+00 -7.1908487e+01
5.3691595e+00 -7.4813518e+01
6.6696788e+00 -7.6210007e+01
9.5679678e+00 -7.5468306e+01
9.5313536e+00 -7.4602875e+01
6.5845059e+00 -7.2338390e+01
1.2562281e+01 -7.2254117e+01
1.5200847e+01 -7.4288618e+01
1.4044691e+01 -8.2125979e+01
1.6013512e+01 -8.4730349e+01
1.4522321e+01 -8.5781916e+01
1.4234004e+01 -8.7089436e+01
1.3565113e+01 -8.9239210e+01
1.4252566e+01 -9.0146403e+01
1.4985524e+01 -8.9622533e+01
1.6291190e+01 -9.0547389e+01
1.8346642e+01 -9.0437777e+01
2.3931888e+01 -9.1643866e+01
2.6310510e+01 -9.0522951e+01
2.7071201e+01 -8.8589631e+01
2.7071072e+01 -8.6801484e+01
2.9373889e+01 -8.7048860e+01
3.4863050e+01 -8.7313110e+01
3.3523884e+01 -8.2776498e+01
3.5241834e+01 -8.2161512e+01
3.7048734e+01 -8.1534023e+01
3.7025358e+01 -7.8552594e+01
3.4752039e+01 -7.8506611e+01
3.4818701e+01 -7.6046699e+01
3.2661381e+01 -7.6190835e+01
3.1012795e+01 -7.4276089e+01
3.3121579e+01 -7.2606409e+01
3.4109886e+01 -6.9220144e+01
2.8799496e+01 -7.1209268e+01
2.3012541e+01 -7.7858968e+01
2.2425683e+01 -7.8137280e+01
2.2206767e+01 -7.9876129e+01
2.5231378e+01 -7.9638086e+01
2.0251843e+01 -8.3179746e+01
1.0298224e+01 -8.0560331e+01
5.9482785e+00 -8.0875378e+01
2.1116613e+00 -8.3002756e+01
3.4664033e-01 -8.1295805e+01
2.7249667e-01 -7.9040872e+01
2.1075141e+00 -7.7198866e+01
8.0250504e+00 -8.5273622e+01
6.4818505e+00 -9.0979564e+01
3.0191062e+00 -9.2584407e+01
3.8989143e+00 -9.6520655e+01
2.4958127e+00 -9.9122602e+01
3.2544917e+00 -1.0017251e+02
1.9524477e+00 -1.0579637e+02
5.3448332e+00 -1.1128728e+02
7.4460646e+00 -1.1587160e+02
9.3824545e+00 -1.1770758e+02
9.7394640e+00 -1.1926567e+02
9.8589831e+00 -1.2410285e+02
1.1114204e+01 -1.2552846e+02
9.8564424e+00 -1.2751478e+02
9.7369702e+00 -1.3139109e+02
5.0071886e+00 -1.2981084e+02
4.5160587e+00 -1.2818627e+02
3.0963384e+00 -1.2321659e+02
4.0904594e+00 -1.1962462e+02
1.6753180e-01 -1.1365767e+02
1.0842950e+01 -1.0353430e+02
1.0979847e+01 -1.0291385e+02
1.1052432e+01 -1.0261955e+02
1.2865388e+01 -1.0066375e+02
1.6172663e+01 -9.8443627e+01
2.0878399e+01 -9.7981035e+01
2.1437910e+01 -9.9291794e+01
2.2637510e+01 -9.6610723e+01
2.6828454e+01 -9.8256092e+01
2.7441386e+01 -1.0255458e+02
3.0924085e+01 -1.0265095e+02
3.0814520e+01 -1.0078123e+02
3.3676993e+01 -9.7168132e+01
3.8416005e+01 -9.9831960e+01
3.5437254e+01 -1.0681573e+02
3.3641284e+01 -1.1472114e+02
2.6738124e+01 -1.1082652e+02
2.4441215e+01 -1.0988958e+02
2.5472727e+01 -1.0682901e+02
2.0651552e+01 -1.0733794e+02
1.8730730e+01 -1.0924613e+02
1.8647318e+01 -1.1217954e+02
1.7281748e+01 -1.1318261e+02
1.5070453e+01 -1.1172599e+02
2.1173829e+01 -1.1150103e+02
2.2961454e+01 -1.1800021e+02
1.7336375e+01 -1.2230769e+02
1.4883194e+01 -1.2562628e+02
1.4660874e+01 -1.2804820e+02
1.9692590e+01 -1.2580212e+02
1.4737094e+01 -1.1796638e+02
1.8084536e+01 -1.0303282e+02
1.9790651e+01 -1.0246615e+02
3.4332978e+01 -1.2336430e+02
3.7947867e+01 -1.2562585e+02
4.2390778e+01 -1.2927944e+02
4.6283089e+01 -1.2689714e+02
4.8203174e+01 -1.3026353e+02
4.8178503e+01 -1.3086476e+02
6.1113614e+01 -1.3130366e+02
6.2332223e+01 -1.3043335e+02
6.4244859e+01 -1.3481321e+02
7.3699429e+01 -1.2800722e+02
7.3630430e+01 -1.2607666e+02
7.4440820e+01 -1.2325527e+02
7.2346443e+01 -1.2107202e+02
7.2813191e+01 -1.1954243e+02
7.4294206e+01 -1.1734642e+02
7.0348788e+01 -1.2337147e+02
6.6825608e+01 -1.2269874e+02
6.6037462e+01 -1.1936482e+02
6.3516024e+01 -1.1263609e+02
6.2290062e+01 -1.1285737e+02
6.4566471e+01 -1.1035761e+02
6.0827583e+01 -1.0497483e+02
5.9392532e+01 -1.0585619e+02
5.7748210e+01 -1.0477103e+02
5.7886768e+01 -1.0367712e+02
5.4908141e+01 -1.0310996e+02
5.4388968e+01 -1.0301779e+02
5.3751254e+01 -9.9453357e+01
5.1557680e+01 -9.8148288e+01
5.0627638e+01 -9.2919674e+01
5.5053061e+01 -8.9787382e+01
5.8671885e+01 -9.0000284e+01
5.8257177e+01 -8.6951736e+01
6.1630026e+01 -8.8033114e+01
6.3630389e+01 -8.6829039e+01
6.7036427e+01 -8.4775408e+01
6.5493276e+01 -8.1986263e+01
6.3407062e+01 -8.0094701e+01
6.3128028e+01 -7.7982601e+01
6.3979122e+01 -7.6521407e+01
5.9956732e+01 -7.4170704e+01
5.8511566e+01 -6.9557294e+01
5.5933923e+01 -6.7378553e+01
5.3983515e+01 -6.8562918e+01
5.1045108e+01 -6.7218953e+01
4.9847390e+01 -6.7054726e+01
5.3671373e+01 -6.2549594e+01
5.8666261e+01 -6.3593601e+01
5.8345627e+01 -6.4818926e+01
5.9671333e+01 -6.5977736e+01
6.2398085e+01 -6.5221781e+01
6.5429606e+01 -6.6442464e+01
6.8101246e+01 -6.4259699e+01
6.9304899e+01 -6.5153828e+01
7.0419059e+01 -6.3176565e+01
7.3141305e+01 -6.2844048e+01
8.1962956e+01 -6.4642998e+01
8.4520031e+01 -6.6959795e+01
8.5248732e+01 -6.6125881e+01
8.6935186e+01 -6.4658912e+01
9.0661025e+01 -6.8380329e+01
9.0629497e+01 -6.9323652e+01
9.1977853e+01 -6.8304965e+01
9.5679258e+01 -6.7058289e+01
9.7623324e+01 -6.4123027e+01
9.9221381e+01 -6.7249711e+01
9.8143716e+01 -7.3345687e+01
9.9969172e+01 -7.3928590e+01
9.9737074e+01 -7.9107786e+01
9.6585565e+01 -7.8490267e+01
9.6342870e+01 -8.0111759e+01
9.3135929e+01 -7.7851004e+01
9.3483791e+01 -7.5495891e+01
9.1179010e+01 -7.5076433e+01
8.6701619e+01 -7.6182754e+01
8.5574563e+01 -7.6920340e+01
8.5007619e+01 -7.8172972e+01
8.7442728e+01 -7.9569766e+01
8.5151668e+01 -8.1906388e+01
8.0140730e+01 -7.9631635e+01
7.4786046e+01 -8.1567857e+01
7.5548723e+01 -8.3955540e+01
7.6337320e+01 -8.4187864e+01
7.3683826e+01 -8.7781025e+01
7.1944932e+01 -8.7879280e+01
7.1304728e+01 -9.1777177e+01
6.8820787e+01 -9.1263576e+01
6.7896742e+01 -8.9170292e+01
6.8873339e+01 -8.1844555e+01
7.1453191e+01 -7.8872206e+01
6.9474645e+01 -7.7595895e+01
7.0483633e+01 -7.3579447e+01
7.7032275e+01 -7.1321151e+01
8.0365171e+01 -7.0647140e+01
8.4661446e+01 -7.2689106e+01
8.5348453e+01 -7.1840590e+01
9.4784588e+01 -7.1843777e+01
9.9916491e+01 -8.2394670e+01
9.9408477e+01 -8.8791093e+01
9.9978959e+01 -9.0237050e+01
9.4569976e+01 -9.0323805e+01
9.2344318e+01 -9.2789088e+01
9.1698712e+01 -9.3404084e+01
9.1591246e+01 -9.5436257e+01
9.1053128e+01 -9.6593923e+01
9.1877718e+01 -9.8238447e+01
9.2127485e+01 -9.9541569e+01
9.2290780e+01 -1.0132784e+02
9.6309582e+01 -9.9415506e+01
9.7732738e+01 -9.7194931e+01
9.8935941e+01 -1.0333032e+02
9.6923805e+01 -1.0862031e+02
9.1603955e+01 -1.1109200e+02
9.1998335e+01 -1.1601356e+02
9.4944844e+01 -1.1544553e+02
9.9020534e+01 -1.1578366e+02
9.4951533e+01 -1.2326168e+02
9.2193073e+01 -1.2361203e+02
9.3571254e+01 -1.2578625e+02
9.4766911e+01 -1.2680217e+02
8.4994896e+01 -1.2186167e+02
8.4699847e+01 -1.2225390e+02
8.5607530e+01 -1.1889372e+02
8.7024452e+01 -1.1803318e+02
8.3585221e+01 -1.1870842e+02
8.1551289e+01 -1.0948551e+02
7.9769143e+01 -1.0945796e+02
7.3821408e+01 -1.0456502e+02
7.0391610e+01 -1.0581612e+02
6.8353469e+01 -9.9198593e+01
6.2368137e+01 -9.4924486e+01
6.1117017e+01 -9.4496539e+01
6.0227961e+01 -1.0166320e+02
5.8827298e+01 -1.1572536e+02
7.8440100e+01 -1.2722426e+02
8.9704848e+01 -1.0600567e+02
8.7647085e+01 -9.4815229e+01
8.7782803e+01 -9.4405680e+01
8.4131216e+01 -9.4969939e+01
8.3341750e+01 -9.4984158e+01
8.2312695e+01 -9.3794667e+01
8.1567898e+01 -8.9214291e+01
8.7877225e+01 -8.9383225e+01
5.6641212e+01 -8.2645949e+01
5.5812304e+01 -8.0960134e+01
5.2042904e+01 -7.9772041e+01
4.9426070e+01 -7.9430207e+01
4.8360236e+01 -7.9017715e+01
5.2681593e+01 -7.4541538e+01
5.4832360e+01 -7.5084361e+01
4.8798175e+01 -8.5732158e+01
3.1932300e+01 -1.2766598e+02
2.9636622e+01 -1.3123692e+02
2.8099332e+01 -1.3290301e+02
2.3279443e+01 -1.3838572e+02
2.5221227e+01 -1.4183964e+02
2.4736489e+01 -1.4398517e+02
2.7237102e+01 -1.4791944e+02
3.0748533e+01 -1.4793069e+02
3.2215863e+01 -1.4894826e+02
3.2289686e+01 -1.4885330e+02
3.4616400e+01 -1.5126506e+02
3.1068354e+01 -1.5675898e+02
2.9712131e+01 -1.6365869e+02
2.6602008e+01 -1.6780863e+02
2.8949539e+01 -1.6938092e+02
2.3596701e+01 -1.6549817e+02
2.3896101e+01 -1.5535752e+02
1.7359634e+01 -1.5476090e+02
1.5823948e+01 -1.5660081e+02
1.6131342e+01 -1.4600447e+02
1.4207950e+01 -1.4391552e+02
1.4538329e+01 -1.4211042e+02
1.3690508e+01 -1.4030705e+02
1.6094052e+01 -1.3993740e+02
1.6092206e+01 -1.3896191e+02
1.4860617e+01 -1.3748115e+02
1.8892142e+01 -1.4194939e+02
1.2055288e+01 -1.4360294e+02
4.7501227e+00 -1.3962434e+02
6.4349746e+00 -1.3543673e+02
8.8431366e-01 -1.4723356e+02
4.7017012e+00 -1.4929828e+02
5.4688827e+00 -1.5944869e+02
5.9420358e+00 -1.6447506e+02
2.9955026e+00 -1.7007418e+02
5.6302888e+00 -1.8054314e+02
3.4091851e+01 -1.9564575e+02
3.6874686e+01 -1.6982394e+02
3.9618126e+01 -1.6834248e+02
4.1000379e+01 -1.6939392e+02
5.3339811e+01 -1.5439551e+02
5.4057138e+01 -1.5240531e+02
5.5679803e+01 -1.5000932e+02
3.1322929e+01 -1.4524927e+02
6.6323924e+01 -2.1750218e+02
7.5018057e+01 -2.2209664e+02
7.4129163e+01 -2.2728094e+02
7.3762488e+01 -2.3266316e+02
8.3091320e+01 -2.3110210e+02
8.9039583e+01 -2.4218520e+02
8.1713899e+01 -2.4841724e+02
9.9591201e+01 -2.4472103e+02
9.9876814e+01 -2.5830846e+02
6.1238041e+01 -2.4218977e+02
5.4658725e+01 -2.5875011e+02
5.4293748e+01 -2.7876097e+02
5.7740919e+01 -2.9784035e+02
3.2503717e+01 -2.7018174e+02
