7.0064623e+01 4.0831130e+01
6.8990482e+01 4.1589075e+01
6.6194345e+01 4.1905790e+01
6.4196278e+01 4.0603483e+01
6.2918042e+01 3.8585143e+01
6.2858826e+01 3.8121750e+01
6.2101800e+01 3.8357165e+01
6.2085019e+01 3.8749187e+01
6.1257330e+01 3.8767772e+01
6.0028150e+01 3.8804328e+01
5.8504218e+01 3.8630193e+01
5.8269887e+01 3.8634027e+01
5.7531998e+01 3.8788804e+01
5.6710017e+01 3.8136165e+01
5.6438292e+01 3.8527861e+01
5.5973456e+01 3.9635794e+01
5.6193525e+01 4.0241060e+01
5.7500821e+01 3.9927112e+01
5.8163973e+01 4.0107444e+01
5.7686230e+01 4.1872119e+01
5.6520999e+01 4.2782590e+01
5.5356056e+01 4.3062742e+01
5.4023347e+01 4.2789723e+01
5.3160456e+01 4.2958607e+01
5.1431873e+01 4.3087484e+01
5.1542801e+01 4.3982382e+01
5.1783057e+01 4.4546425e+01
5.1898002e+01 4.5075270e+01
5.2695571e+01 4.5208341e+01
5.3466891e+01 4.7387435e+01
5.5344385e+01 4.9303371e+01
5.5159056e+01 4.5043302e+01
5.7979580e+01 4.3476600e+01
5.8304600e+01 4.3518406e+01
5.9135001e+01 4.3048954e+01
5.9702506e+01 4.2387525e+01
6.1057692e+01 4.2390646e+01
6.1060926e+01 4.2356783e+01
6.0888948e+01 4.1300017e+01
6.0458733e+01 4.3771540e+01
6.2439722e+01 4.3707224e+01
6.3249883e+01 4.3242678e+01
6.5516679e+01 4.5783388e+01
7.0197682e+01 4.6889354e+01
7.3630670e+01 4.2319362e+01
6.5886641e+01 3.8057617e+01
6.6950119e+01 3.6157444e+01
6.6301465e+01 3.5650978e+01
6.4895611e+01 3.4147266e+01
6.3753819e+01 3.5756137e+01
6.2461074e+01 3.7065442e+01
6.1875562e+01 3.6968155e+01
6.0470887e+01 3.5741100e+01
6.0497308e+01 3.5371644e+01
5.9831537e+01 3.5350936e+01
5.9883968e+01 3.5686415e+01
5.9904342e+01 3.6625460e+01
5.9617251e+01 3.6659456e+01
5.8767981e+01 3.6595132e+01
5.8638833e+01 3.6574755e+01
5.8674393e+01 3.7412216e+01
5.8511708e+01 3.5498407e+01
5.7858516e+01 3.5234221e+01
5.7501827e+01 3.5036204e+01
5.7723639e+01 3.5641793e+01
5.6832480e+01 3.6378627e+01
5.6522425e+01 3.7139605e+01
5.6329339e+01 3.7049334e+01
5.5449289e+01 3.7056473e+01
5.5264621e+01 3.6730680e+01
5.4908649e+01 3.5916013e+01
5.4918348e+01 3.5215013e+01
5.5477785e+01 3.5174020e+01
5.5587092e+01 3.4959186e+01
5.5733774e+01 3.5252247e+01
5.5489734e+01 3.4596767e+01
5.5508251e+01 3.4157305e+01
5.5410214e+01 3.4096110e+01
5.6261383e+01 3.4117996e+01
5.6523657e+01 3.3813669e+01
5.6932955e+01 3.4468756e+01
5.6618590e+01 3.4847757e+01
5.7889025e+01 3.4040717e+01
5.8873975e+01 3.4280403e+01
5.9111868e+01 3.4385804e+01
5.8886823e+01 3.4861908e+01
5.9498040e+01 3.3862916e+01
5.9642791e+01 3.3402674e+01
5.9265452e+01 3.2541110e+01
5.8146953e+01 3.2599564e+01
5.7660949e+01 3.2215423e+01
5.7554125e+01 3.1959569e+01
5.7171678e+01 3.1518246e+01
5.7431666e+01 3.1354294e+01
5.7847637e+01 3.1255756e+01
5.7583092e+01 3.0935373e+01
5.7524304e+01 3.0820502e+01
5.8022517e+01 3.0836429e+01
5.7946886e+01 3.0353866e+01
5.8146587e+01 3.0040700e+01
5.7638994e+01 2.9721471e+01
5.7473876e+01 2.9297552e+01
5.7308813e+01 2.9356951e+01
5.7233999e+01 2.9307196e+01
5.6845870e+01 2.9861215e+01
5.6907038e+01 3.0353836e+01
5.6882175e+01 3.0448515e+01
5.6571859e+01 3.0676550e+01
5.6260183e+01 3.0915878e+01
5.7001560e+01 3.0825962e+01
5.6635512e+01 3.1617611e+01
5.6155897e+01 3.1917915e+01
5.5817790e+01 3.1594915e+01
5.5283982e+01 3.1730819e+01
5.5160564e+01 3.1549685e+01
5.5080287e+01 3.1435855e+01
5.5267293e+01 3.1239483e+01
5.5393978e+01 3.1019661e+01
5.5542185e+01 3.0474048e+01
5.5067675e+01 3.0441359e+01
5.4510527e+01 3.0339096e+01
5.4043222e+01 2.9900148e+01
5.4489292e+01 2.9364724e+01
5.4330504e+01 2.9221689e+01
5.4708089e+01 2.8789593e+01
5.5108133e+01 2.9082078e+01
5.5485186e+01 2.9314913e+01
5.4983921e+01 2.9710137e+01
5.5525492e+01 2.8485696e+01
5.5750327e+01 2.8520904e+01
5.5992357e+01 2.8315871e+01
5.5998334e+01 2.8248785e+01
5.6151922e+01 2.8333054e+01
5.6619878e+01 2.8022173e+01
5.7273581e+01 2.8479413e+01
5.7834261e+01 2.7872241e+01
5.8611959e+01 2.8251514e+01
5.8689898e+01 2.7713686e+01
5.8713575e+01 2.7003006e+01
5.9124093e+01 2.6940093e+01
5.9348590e+01 2.7263329e+01
6.0002378e+01 2.6775670e+01
6.0303375e+01 2.6016778e+01
6.0722109e+01 2.5794459e+01
6.0255999e+01 2.5107475e+01
5.9821041e+01 2.4776686e+01
5.9754309e+01 2.4521154e+01
5.9862825e+01 2.4115416e+01
6.0540160e+01 2.3803722e+01
5.9867360e+01 2.3074528e+01
5.9541742e+01 2.1964566e+01
5.8876103e+01 2.2061675e+01
5.8693731e+01 2.2314353e+01
5.8464974e+01 2.1492567e+01
5.7787681e+01 2.1606658e+01
5.6855630e+01 2.1206768e+01
5.6722654e+01 2.1674941e+01
5.5816124e+01 2.1588693e+01
5.5830905e+01 2.1874819e+01
5.5365331e+01 2.1899595e+01
5.4974137e+01 2.1627151e+01
5.4435934e+01 2.1581783e+01
5.3893887e+01 2.1888063e+01
5.3251548e+01 2.1994253e+01
5.2938730e+01 2.1820158e+01
5.3302762e+01 2.0743502e+01
5.1770799e+01 2.1244865e+01
5.1522369e+01 2.1300561e+01
5.1794598e+01 2.1977264e+01
5.1722701e+01 2.2869011e+01
5.2335403e+01 2.3099129e+01
5.2096100e+01 2.3845571e+01
5.2227078e+01 2.4004191e+01
5.2738951e+01 2.4160120e+01
5.2911513e+01 2.4085931e+01
5.3581581e+01 2.3685071e+01
5.3613528e+01 2.3531376e+01
5.3666408e+01 2.3387640e+01
5.3602068e+01 2.3143186e+01
5.3183815e+01 2.3256510e+01
5.1741195e+01 2.3719489e+01
5.2426672e+01 2.4948458e+01
5.2685531e+01 2.5096673e+01
5.2436319e+01 2.5274734e+01
5.1306406e+01 2.5206315e+01
5.1210199e+01 2.5946758e+01
5.1698509e+01 2.6137848e+01
5.2366133e+01 2.6966563e+01
5.2366058e+01 2.7374707e+01
5.2246359e+01 2.7692617e+01
5.1815124e+01 2.7760826e+01
5.1406223e+01 2.7557959e+01
5.1451174e+01 2.8274872e+01
5.1736318e+01 2.8441072e+01
5.1732551e+01 2.8715108e+01
5.2219326e+01 2.8897459e+01
5.2294066e+01 2.9147864e+01
5.3251130e+01 2.9781870e+01
5.3266059e+01 3.0011045e+01
5.3341714e+01 3.0428066e+01
5.2994872e+01 3.0419148e+01
5.2877237e+01 3.0305894e+01
5.3498271e+01 3.1085830e+01
5.3893328e+01 3.0858460e+01
5.3970652e+01 3.1044175e+01
5.4503289e+01 3.1497466e+01
5.4488654e+01 3.1773227e+01
5.4775321e+01 3.2003245e+01
5.4398991e+01 3.2353922e+01
5.4646615e+01 3.2540711e+01
5.4719565e+01 3.2580433e+01
5.5043461e+01 3.2707716e+01
5.4531169e+01 3.3063784e+01
5.4170829e+01 3.2817288e+01
5.3552396e+01 3.1908324e+01
5.3335771e+01 3.2050471e+01
5.1932640e+01 3.0760252e+01
5.1556480e+01 3.0705230e+01
5.1077763e+01 2.9155033e+01
5.1040500e+01 2.8611322e+01
5.0347127e+01 2.8403820e+01
5.0108586e+01 2.8304046e+01
5.0073348e+01 2.7914874e+01
4.9416307e+01 2.8423461e+01
4.9413577e+01 2.8846413e+01
4.9587934e+01 2.9729785e+01
4.9366822e+01 2.9913055e+01
4.8420752e+01 2.9816579e+01
4.7962350e+01 2.9230183e+01
4.7487274e+01 2.9506071e+01
4.7269700e+01 2.9506690e+01
4.7031190e+01 2.9743328e+01
4.7264870e+01 3.1140863e+01
4.6616651e+01 3.1887629e+01
4.6249033e+01 3.3904589e+01
4.7390328e+01 3.4830836e+01
4.7720602e+01 3.4654353e+01
4.8235150e+01 3.3765262e+01
4.9410737e+01 3.3882275e+01
5.0032184e+01 3.4419845e+01
5.0466965e+01 3.4689420e+01
5.0284909e+01 3.4868884e+01
5.0144036e+01 3.5420185e+01
4.9799731e+01 3.5285896e+01
4.9631228e+01 3.5426459e+01
4.9222672e+01 3.5597069e+01
4.9208066e+01 3.5917430e+01
4.9697956e+01 3.6202555e+01
4.9227825e+01 3.6906218e+01
4.9278240e+01 3.7266553e+01
4.8988516e+01 3.7350913e+01
4.9448111e+01 3.7757851e+01
4.9205334e+01 3.8092572e+01
4.9770223e+01 3.7239706e+01
5.1241669e+01 3.7215754e+01
5.1129816e+01 3.8144241e+01
5.1920285e+01 3.8985474e+01
5.2374373e+01 3.9707402e+01
5.1625325e+01 3.9973598e+01
5.0868191e+01 4.0737675e+01
5.0989518e+01 4.1060975e+01
5.0955533e+01 4.1154093e+01
4.9660911e+01 4.1907374e+01
4.7369493e+01 4.2344079e+01
4.6741827e+01 4.3664055e+01
4.5677602e+01 4.0722173e+01
4.5753118e+01 4.0121815e+01
4.6628605e+01 3.8108477e+01
4.8321597e+01 3.6834537e+01
4.8544774e+01 3.6261068e+01
4.8547659e+01 3.5606691e+01
4.9537240e+01 3.4982788e+01
4.9586303e+01 3.4834231e+01
4.9433173e+01 3.4706912e+01
5.0412844e+01 3.3710980e+01
5.0349979e+01 3.3346113e+01
5.0654105e+01 3.2452964e+01
5.0472540e+01 3.2077198e+01
5.0298129e+01 3.2087402e+01
4.9502686e+01 3.2514848e+01
4.9389043e+01 3.1710522e+01
5.1294139e+01 3.2387557e+01
5.1405131e+01 3.2590902e+01
5.1340622e+01 3.3813563e+01
5.1290621e+01 3.4027965e+01
5.1702205e+01 3.4437981e+01
5.2078456e+01 3.4723623e+01
5.2311991e+01 3.4877704e+01
5.2504173e+01 3.5136255e+01
5.1912894e+01 3.5210244e+01
5.2325570e+01 3.4518371e+01
5.3136865e+01 3.4751639e+01
5.3888475e+01 3.5156278e+01
5.3805637e+01 3.5460228e+01
5.4196355e+01 3.5691976e+01
5.4011093e+01 3.6243301e+01
5.3187349e+01 3.6199222e+01
5.2933525e+01 3.6447437e+01
5.2698410e+01 3.6362343e+01
5.1987089e+01 3.6140599e+01
5.1676927e+01 3.5981914e+01
5.1381621e+01 3.6119653e+01
5.1069119e+01 3.5476343e+01
5.0515089e+01 3.5600926e+01
5.0491064e+01 3.5906616e+01
5.1140450e+01 3.4884562e+01
5.1998406e+01 3.3667978e+01
5.4469934e+01 3.4284313e+01
5.6012759e+01 3.2686500e+01
5.6443597e+01 3.2301474e+01
5.6780191e+01 3.2497668e+01
5.6936567e+01 3.2531383e+01
5.6812321e+01 3.2693278e+01
5.7188052e+01 3.3260352e+01
5.8872499e+01 3.1019374e+01
5.9149825e+01 3.1070070e+01
5.8620315e+01 3.0736753e+01
5.8586617e+01 3.0510247e+01
5.8907111e+01 3.0109093e+01
5.8974086e+01 2.9564601e+01
5.9596217e+01 2.9279306e+01
5.9575270e+01 2.8957872e+01
6.0873345e+01 2.8713576e+01
6.1257529e+01 2.8356858e+01
6.1623058e+01 2.8460463e+01
6.1772478e+01 2.8958898e+01
6.1494775e+01 2.9000087e+01
6.1365823e+01 2.9366418e+01
6.2581803e+01 2.9634008e+01
6.3277726e+01 2.9373307e+01
6.4378882e+01 3.0027940e+01
6.4862046e+01 3.0216934e+01
6.5285896e+01 3.1151113e+01
6.6098725e+01 3.0722170e+01
6.7281816e+01 3.2005564e+01
6.9664143e+01 3.2220254e+01
7.0747515e+01 2.7527000e+01
6.7325932e+01 2.7309586e+01
6.5068023e+01 2.7532147e+01
6.4276647e+01 2.7327316e+01
6.3920984e+01 2.7749133e+01
6.3636632e+01 2.8062982e+01
6.3279302e+01 2.6250273e+01
6.2365544e+01 2.5196148e+01
6.1867555e+01 2.5712565e+01
6.1310291e+01 2.5036058e+01
6.2518386e+01 2.4394648e+01
6.2353383e+01 2.3865526e+01
6.2453566e+01 2.2986685e+01
6.1721270e+01 2.3043898e+01
6.1893252e+01 2.1829163e+01
6.2512232e+01 2.1196248e+01
6.1532356e+01 2.0320193e+01
6.0614639e+01 1.9579342e+01
5.9424236e+01 2.0117072e+01
5.9176784e+01 1.9471657e+01
5.8169604e+01 1.9950809e+01
5.7677406e+01 1.9929934e+01
5.6871332e+01 2.0336196e+01
5.4896874e+01 2.0088495e+01
5.5445485e+01 1.7754287e+01
5.5595849e+01 1.7599713e+01
5.5902797e+01 1.7190338e+01
5.6190289e+01 1.7066961e+01
5.6073882e+01 1.7848975e+01
5.7091029e+01 1.7241577e+01
5.5757222e+01 1.5304125e+01
5.4740732e+01 1.3821134e+01
5.4183534e+01 1.6477714e+01
5.3181552e+01 1.7627903e+01
5.3409824e+01 1.8028458e+01
5.1866080e+01 1.8681942e+01
5.0797477e+01 2.0513403e+01
5.0123265e+01 2.0579995e+01
4.9241294e+01 2.0414265e+01
4.8909893e+01 2.2004691e+01
4.9008869e+01 2.3197311e+01
4.8818188e+01 2.3436819e+01
4.9012734e+01 2.3781857e+01
4.9252329e+01 2.3923710e+01
4.9723941e+01 2.4175456e+01
4.9128029e+01 2.4471450e+01
4.9176553e+01 2.4723990e+01
4.9008174e+01 2.4759428e+01
4.8608053e+01 2.4584157e+01
4.8060904e+01 2.4301607e+01
4.9449941e+01 2.5119205e+01
4.9077021e+01 2.5617414e+01
4.8839110e+01 2.5814160e+01
4.8931729e+01 2.6587894e+01
4.9012810e+01 2.7163529e+01
4.9147791e+01 2.7407315e+01
4.8924887e+01 2.7475299e+01
5.0346009e+01 2.6993206e+01
5.0613223e+01 2.6745751e+01
5.0013288e+01 2.6042921e+01
5.0214818e+01 2.5387192e+01
5.0584081e+01 2.4916238e+01
5.0553415e+01 2.2309564e+01
5.4720746e+01 2.2764731e+01
5.4735860e+01 2.2915974e+01
5.5254622e+01 2.3874083e+01
5.5641591e+01 2.3747227e+01
5.5478371e+01 2.4371297e+01
5.5440604e+01 2.5254752e+01
5.5491640e+01 2.5771588e+01
5.5023099e+01 2.5908012e+01
5.4618581e+01 2.5630384e+01
5.4092146e+01 2.6322123e+01
5.3793095e+01 2.6172708e+01
5.3642807e+01 2.5811746e+01
5.2823708e+01 2.6655048e+01
5.2598093e+01 2.8018490e+01
5.3127416e+01 2.8146361e+01
5.4010970e+01 2.8372710e+01
5.4015432e+01 2.8428771e+01
5.4913688e+01 2.7087024e+01
5.5943031e+01 2.6394938e+01
5.6299550e+01 2.6277657e+01
5.6556767e+01 2.6552232e+01
5.6719711e+01 2.7201648e+01
5.7598606e+01 2.6157426e+01
5.7904077e+01 2.5530002e+01
5.8485868e+01 2.5113282e+01
5.9390419e+01 2.5330398e+01
5.8882007e+01 2.4214397e+01
5.7651971e+01 2.3676988e+01
5.7366463e+01 2.3973841e+01
5.7041804e+01 2.4292854e+01
5.6723283e+01 2.3864364e+01
5.6559348e+01 2.4707168e+01
5.6675083e+01 2.2716760e+01
5.8115851e+01 2.2965192e+01
5.8975591e+01 2.0957072e+01
5.9065226e+01 2.0886611e+01
6.0199254e+01 1.8098266e+01
6.0210780e+01 1.6535546e+01
6.1482657e+01 1.6543256e+01
6.3251477e+01 1.7033134e+01
6.3796472e+01 2.1679199e+01
6.4646450e+01 2.4985818e+01
6.4854225e+01 2.6225263e+01
6.4946725e+01 2.6442217e+01
6.1925314e+01 2.6853552e+01
6.1950844e+01 2.7086659e+01
6.1364545e+01 2.7489734e+01
6.1101027e+01 2.7564315e+01
5.8233648e+01 2.6464359e+01
5.8194220e+01 2.9303136e+01
5.8242146e+01 2.9385874e+01
5.6397386e+01 3.0150144e+01
6.0051770e+01 3.1460587e+01
6.0063650e+01 3.1544465e+01
6.0737030e+01 3.2611562e+01
6.0706961e+01 3.2749921e+01
6.1083539e+01 3.2341642e+01
6.2210770e+01 3.2930068e+01
6.2443430e+01 3.3641807e+01
6.2713046e+01 3.2042392e+01
6.0936583e+01 3.4767162e+01
6.0714617e+01 3.4621165e+01
5.4248573e+01 3.7192212e+01
5.3688467e+01 3.7689944e+01
5.3531293e+01 3.7900608e+01
5.3135245e+01 3.7768080e+01
5.3225344e+01 3.7440736e+01
5.3392183e+01 3.8816102e+01
5.3981301e+01 3.8839230e+01
5.4393910e+01 3.8482977e+01
5.4334317e+01 4.0725304e+01
5.3715765e+01 4.0985628e+01
5.0552994e+01 3.9669915e+01
4.2615021e+01 3.8772598e+01
4.2947620e+01 3.4850306e+01
4.4607130e+01 3.3473018e+01
4.1519614e+01 3.1684706e+01
3.8517846e+01 3.3323290e+01
4.1930604e+01 2.8144644e+01
4.2745622e+01 2.6992710e+01
4.2745380e+01 2.5834844e+01
4.3574486e+01 2.4848755e+01
4.4080123e+01 2.5857513e+01
4.4529077e+01 2.7939660e+01
4.5290160e+01 2.8624888e+01
4.5279820e+01 2.9749158e+01
4.4264347e+01 2.9594860e+01
4.6386024e+01 2.7918981e+01
4.6270594e+01 2.6567816e+01
4.6218254e+01 2.5084900e+01
4.4822299e+01 2.1903762e+01
4.3590405e+01 2.0517645e+01
4.6782051e+01 1.9901670e+01
4.6429025e+01 1.8285656e+01
4.7138773e+01 1.7425536e+01
4.8230304e+01 1.7044769e+01
4.8992679e+01 1.6965083e+01
4.9287902e+01 1.8139064e+01
5.2185259e+01 1.5858118e+01
5.8457144e+01 1.4685571e+01
6.0222874e+01 9.8129195e+00
4.5114464e+01 8.2031860e+00
4.5723360e+01 1.4785524e+01
4.0585807e+01 2.3415232e+01
5.4182832e+01 2.4734620e+01
5.9106763e+01 4.6898999e+01
3.9540013e+01 4.4940115e+01
7.9628132e+01 2.7389982e+01
