8.5260390e+01 5.3456625e+01
8.4259633e+01 5.2907866e+01
8.4104033e+01 5.3243597e+01
8.2648684e+01 5.2033199e+01
8.2047397e+01 5.1428584e+01
8.0861580e+01 5.1836608e+01
7.9422120e+01 5.2419828e+01
7.8271990e+01 5.2979655e+01
7.8063543e+01 5.4620526e+01
7.7665826e+01 5.5634925e+01
7.7518429e+01 5.5816471e+01
7.7132436e+01 5.6305456e+01
7.6788095e+01 5.5645842e+01
7.6093432e+01 5.4610316e+01
7.5886603e+01 5.4507182e+01
7.5617968e+01 5.4421470e+01
7.3463091e+01 5.3442021e+01
7.3120629e+01 5.3879873e+01
7.3017628e+01 5.2463861e+01
7.2888680e+01 5.1682330e+01
7.3867532e+01 5.2191245e+01
7.4946542e+01 5.1133899e+01
7.6393730e+01 5.1485098e+01
7.6967325e+01 4.9982693e+01
8.0001493e+01 5.0397176e+01
8.2235953e+01 4.9097655e+01
8.2612039e+01 4.9561575e+01
8.3004695e+01 4.9803918e+01
8.5505645e+01 5.0999424e+01
8.5924332e+01 5.0043581e+01
8.8355997e+01 5.1451652e+01
8.8248376e+01 5.4136448e+01
8.9273882e+01 5.4085299e+01
8.7031742e+01 5.4950028e+01
8.5150408e+01 5.4916391e+01
8.5031428e+01 5.5519639e+01
8.5132484e+01 5.5761896e+01
8.4458309e+01 5.6279346e+01
8.4069722e+01 5.7280789e+01
8.4833720e+01 5.7586147e+01
8.5866842e+01 5.7317281e+01
8.6228941e+01 5.7381753e+01
8.5967396e+01 5.6706437e+01
8.7067675e+01 5.7805088e+01
8.7615761e+01 5.7276706e+01
8.9368304e+01 5.8238931e+01
8.9787174e+01 5.8577008e+01
8.8678538e+01 5.9763148e+01
8.7890424e+01 6.0148141e+01
8.8039507e+01 6.0441086e+01
8.8661195e+01 6.0855277e+01
8.8810753e+01 6.1203383e+01
8.9514540e+01 6.1523535e+01
8.9544307e+01 6.0940033e+01
8.9985691e+01 6.1158085e+01
8.9430875e+01 6.3858115e+01
8.9400092e+01 6.4197207e+01
8.8441183e+01 6.3568214e+01
8.7636270e+01 6.2729793e+01
8.6807239e+01 6.1975577e+01
8.5551777e+01 6.1948723e+01
8.5501115e+01 6.2971304e+01
8.5820654e+01 6.3066054e+01
8.5915993e+01 6.3001717e+01
8.5233056e+01 6.4045572e+01
8.4608212e+01 6.4668512e+01
8.4350694e+01 6.4076471e+01
8.4101366e+01 6.3269557e+01
8.3678781e+01 6.2881862e+01
8.3714307e+01 6.2394201e+01
8.3309283e+01 6.2221795e+01
8.3110336e+01 6.2264964e+01
8.2931377e+01 6.2522061e+01
8.2525937e+01 6.2113038e+01
8.1767382e+01 6.2704571e+01
8.1580131e+01 6.2711134e+01
8.1123717e+01 6.3563298e+01
8.0686236e+01 6.4096674e+01
8.0427681e+01 6.3986662e+01
8.0105464e+01 6.4735287e+01
8.0074611e+01 6.5166107e+01
7.9069364e+01 6.5796280e+01
7.8865625e+01 6.6156582e+01
7.8380878e+01 6.6555185e+01
7.8813385e+01 6.7147879e+01
7.9586305e+01 6.6714295e+01
7.9909636e+01 6.7087483e+01
8.0142317e+01 6.6905706e+01
8.0306709e+01 6.7313455e+01
8.0929326e+01 6.7509745e+01
8.1545745e+01 6.6686921e+01
8.1578488e+01 6.6480262e+01
8.1849134e+01 6.6094509e+01
8.2806093e+01 6.6478634e+01
8.3826952e+01 6.6875741e+01
8.4522056e+01 6.5927741e+01
8.4669346e+01 6.5929436e+01
8.5684310e+01 6.6700953e+01
8.5768272e+01 6.6759330e+01
8.6481314e+01 6.6452720e+01
8.6161474e+01 6.5721019e+01
8.6807356e+01 6.4421761e+01
8.8951774e+01 6.5358936e+01
8.9799979e+01 6.6044295e+01
8.9769717e+01 6.6350649e+01
8.8914399e+01 6.7624697e+01
8.8507216e+01 6.7854972e+01
8.8180488e+01 6.7542284e+01
8.7624015e+01 6.7858843e+01
8.7155260e+01 6.7193879e+01
8.6946176e+01 6.7400082e+01
8.6426869e+01 6.8082101e+01
8.5413468e+01 6.7519543e+01
8.4726074e+01 6.7689707e+01
8.4554097e+01 6.7985096e+01
8.5267553e+01 6.8795745e+01
8.4990103e+01 6.9069541e+01
8.5664237e+01 6.9242225e+01
8.4756057e+01 6.9743612e+01
8.4162500e+01 7.0005675e+01
8.3965543e+01 6.9366373e+01
8.3408802e+01 7.0275022e+01
8.3326028e+01 7.0848773e+01
8.3904359e+01 7.0860573e+01
8.3910040e+01 7.1458543e+01
8.3522604e+01 7.2203180e+01
8.3536702e+01 7.2475700e+01
8.3320849e+01 7.2448109e+01
8.3239333e+01 7.2144310e+01
8.2909100e+01 7.2120898e+01
8.2311705e+01 7.1714307e+01
8.1942547e+01 7.1794636e+01
8.1490436e+01 7.2194531e+01
8.1185927e+01 7.2270952e+01
8.0953139e+01 7.2542068e+01
8.0509084e+01 7.2394531e+01
8.0325441e+01 7.2025330e+01
8.0383371e+01 7.1601570e+01
8.0702660e+01 7.1479269e+01
8.0529129e+01 7.0926880e+01
8.1415199e+01 7.1326218e+01
8.1289166e+01 7.1782264e+01
7.9517460e+01 7.1361290e+01
7.9170684e+01 7.0726110e+01
7.9158690e+01 7.0517160e+01
7.9431299e+01 7.0635442e+01
7.9745807e+01 7.0168868e+01
8.0634671e+01 6.9675395e+01
8.0238936e+01 6.9096550e+01
7.9950989e+01 6.9149964e+01
7.8929474e+01 6.8273972e+01
7.7851497e+01 6.7835823e+01
7.6362058e+01 6.7663485e+01
7.6003181e+01 6.8203895e+01
7.6008717e+01 6.8533146e+01
7.5880592e+01 6.8907638e+01
7.5640918e+01 7.0095896e+01
7.5858610e+01 7.0258650e+01
7.4805006e+01 7.0032684e+01
7.4662105e+01 7.0134495e+01
7.3659323e+01 7.0758094e+01
7.3753270e+01 7.1743606e+01
7.3116167e+01 7.2005956e+01
7.2671458e+01 7.2123068e+01
7.1891099e+01 7.2787288e+01
7.1490903e+01 7.2137596e+01
7.1082459e+01 7.1563101e+01
7.1361054e+01 7.0948616e+01
7.1973331e+01 7.0804915e+01
7.1434572e+01 7.0257900e+01
7.0699439e+01 6.9923882e+01
7.0222116e+01 6.9343029e+01
7.0554923e+01 6.8904022e+01
7.0959870e+01 6.8164364e+01
7.0389865e+01 6.7804812e+01
7.0429611e+01 6.7606614e+01
7.0784654e+01 6.6353946e+01
7.1748821e+01 6.5534398e+01
7.1509879e+01 6.4641279e+01
7.0844249e+01 6.3593718e+01
7.0514807e+01 6.3726434e+01
7.0255261e+01 6.3672431e+01
7.0096675e+01 6.4339301e+01
7.3016841e+01 6.5158513e+01
7.3214409e+01 6.4601786e+01
7.3418438e+01 6.3822317e+01
7.3632662e+01 6.3119961e+01
7.3773340e+01 6.2231551e+01
7.2100764e+01 6.1996978e+01
7.2951640e+01 6.0583748e+01
7.3130825e+01 6.0291751e+01
7.3642665e+01 6.0374002e+01
7.4174472e+01 5.9585201e+01
7.4514268e+01 5.9866740e+01
7.4620370e+01 5.8091174e+01
7.4458616e+01 5.7425436e+01
7.4298396e+01 5.7172966e+01
7.3949240e+01 5.7391966e+01
7.2976568e+01 5.8579651e+01
7.2583624e+01 5.9321402e+01
7.2086539e+01 6.0065737e+01
7.1409228e+01 6.0420839e+01
7.1650304e+01 5.8973053e+01
7.0612284e+01 5.9065127e+01
7.0371382e+01 5.8455756e+01
7.1835873e+01 5.7737688e+01
7.2355606e+01 5.6895039e+01
7.2178451e+01 5.6394611e+01
7.0370414e+01 5.6550855e+01
7.0354697e+01 5.5530353e+01
7.0821444e+01 5.4126380e+01
7.1536223e+01 5.3170685e+01
7.0414809e+01 5.2373587e+01
7.0728702e+01 5.1637357e+01
7.1094224e+01 5.0468273e+01
7.0414134e+01 4.9337371e+01
7.1535667e+01 4.7797152e+01
7.2049967e+01 4.7216412e+01
7.3428529e+01 4.9631994e+01
7.3952843e+01 4.9326073e+01
7.2500461e+01 5.0009005e+01
7.5179001e+01 4.6422140e+01
7.9068221e+01 4.6247378e+01
8.0004103e+01 4.6519614e+01
8.1379213e+01 4.7432620e+01
8.2086925e+01 4.6279520e+01
8.0357280e+01 4.4591820e+01
8.1886234e+01 4.3613027e+01
7.9654548e+01 4.2799509e+01
8.4703830e+01 4.4716868e+01
8.5648604e+01 4.3384103e+01
8.8196256e+01 4.3106920e+01
8.6726871e+01 4.5799641e+01
8.6592753e+01 4.6476960e+01
8.7988938e+01 4.7136599e+01
8.9333441e+01 4.8946256e+01
8.3288977e+01 5.4967165e+01
8.2976537e+01 5.5430712e+01
8.2564730e+01 5.6211562e+01
8.2597960e+01 5.7086415e+01
8.1687965e+01 5.7136174e+01
8.1211862e+01 5.6168252e+01
7.9708395e+01 5.4755134e+01
7.9048121e+01 5.5820971e+01
7.9340506e+01 5.7528968e+01
7.8621922e+01 5.7910176e+01
7.8593694e+01 5.8149071e+01
7.9319024e+01 5.8636891e+01
8.0149746e+01 5.9324768e+01
8.0512590e+01 5.9080753e+01
8.1044488e+01 5.9564565e+01
8.1703450e+01 5.9221381e+01
8.1842509e+01 5.8750049e+01
8.3669440e+01 5.9664593e+01
8.4854898e+01 5.9743504e+01
8.5644501e+01 5.8903298e+01
8.6163710e+01 5.9772341e+01
8.4460400e+01 6.0835403e+01
8.3739709e+01 6.0896656e+01
8.3502750e+01 6.1953969e+01
8.1663419e+01 6.0998843e+01
8.0604522e+01 6.1744854e+01
8.0447880e+01 6.2851200e+01
7.9526204e+01 6.1203816e+01
7.8679730e+01 6.0775880e+01
7.8342112e+01 6.1409812e+01
7.8692741e+01 6.1956679e+01
7.8570284e+01 6.3115897e+01
7.6991149e+01 6.2457487e+01
7.6571910e+01 6.2193926e+01
7.5923648e+01 6.1707439e+01
7.6046659e+01 6.1351625e+01
7.7277293e+01 6.1004763e+01
7.7101617e+01 6.0374095e+01
7.7137375e+01 5.9686853e+01
7.7531188e+01 5.9228009e+01
7.7743106e+01 5.7944919e+01
7.7293920e+01 5.7137907e+01
7.6074717e+01 5.7607765e+01
7.6854138e+01 6.2970384e+01
7.6704240e+01 6.4211496e+01
7.6624636e+01 6.4510448e+01
7.5970281e+01 6.4564257e+01
7.5615213e+01 6.4212152e+01
7.4928905e+01 6.4465046e+01
7.4938363e+01 6.4622579e+01
7.4875704e+01 6.4258612e+01
7.4112601e+01 6.4608282e+01
7.3992101e+01 6.5186719e+01
7.4738817e+01 6.5093019e+01
7.5641530e+01 6.5405116e+01
7.6445807e+01 6.5865548e+01
7.7094717e+01 6.5058534e+01
7.7539503e+01 6.5104577e+01
7.7689898e+01 6.5696566e+01
7.5930370e+01 6.6874091e+01
7.4867201e+01 6.7089653e+01
7.3641022e+01 6.7007432e+01
7.2739175e+01 6.7442646e+01
7.1734142e+01 6.7681023e+01
7.2364409e+01 6.8575162e+01
7.2092587e+01 6.9077911e+01
7.1723728e+01 6.9165310e+01
7.1477115e+01 6.9029794e+01
7.2566570e+01 7.0214017e+01
7.0657527e+01 7.0811646e+01
7.2579762e+01 7.3178013e+01
7.2701755e+01 7.3564167e+01
7.1536637e+01 7.3765243e+01
7.1169622e+01 7.4258695e+01
7.0254529e+01 7.4647825e+01
7.0727406e+01 7.5678952e+01
7.0341348e+01 7.6820435e+01
7.0233930e+01 7.8017825e+01
7.0702463e+01 7.8294807e+01
7.0893283e+01 7.7965627e+01
7.0578020e+01 7.8823516e+01
7.1644001e+01 7.9737695e+01
7.2506836e+01 7.9257234e+01
7.4052968e+01 7.9704496e+01
7.4017569e+01 7.9878734e+01
7.4623626e+01 7.9445286e+01
7.4739766e+01 7.8399379e+01
7.5523550e+01 7.8596512e+01
7.5703477e+01 7.8342535e+01
7.5583229e+01 7.8182760e+01
7.6430822e+01 7.7561082e+01
7.7320992e+01 7.6584744e+01
7.7391162e+01 7.6421130e+01
7.7054704e+01 7.6307237e+01
7.6656018e+01 7.5414764e+01
7.6440359e+01 7.4807097e+01
7.6984751e+01 7.4691429e+01
7.7465488e+01 7.5127252e+01
7.8042176e+01 7.5562529e+01
7.8548369e+01 7.4953257e+01
7.9181544e+01 7.5172281e+01
7.9620139e+01 7.5793458e+01
7.9604709e+01 7.6286078e+01
8.0058753e+01 7.6598065e+01
8.0683579e+01 7.6739038e+01
8.0927406e+01 7.5685254e+01
8.1706850e+01 7.5682646e+01
8.1812577e+01 7.5038716e+01
8.1995236e+01 7.4860137e+01
8.1678079e+01 7.4556271e+01
8.2200905e+01 7.5251750e+01
8.2801870e+01 7.4910662e+01
8.3488526e+01 7.5003668e+01
8.2962822e+01 7.6260818e+01
8.3082391e+01 7.6605630e+01
8.3459003e+01 7.6761520e+01
8.4886352e+01 7.5642956e+01
8.4437063e+01 7.3290526e+01
8.3528682e+01 7.3521126e+01
8.3031519e+01 7.2889766e+01
8.4604377e+01 7.2319708e+01
8.5103893e+01 7.2186396e+01
8.5142497e+01 7.1991978e+01
8.5793770e+01 7.2096157e+01
8.5651519e+01 7.2678734e+01
8.6358516e+01 7.2825676e+01
8.6663523e+01 7.2643746e+01
8.7456505e+01 7.4007739e+01
8.8602388e+01 7.3214013e+01
8.9817622e+01 7.3134710e+01
8.9588956e+01 7.2152526e+01
8.8833435e+01 7.1367195e+01
8.8218851e+01 7.1652916e+01
8.7985052e+01 7.0742439e+01
8.7467795e+01 7.0442439e+01
8.6800631e+01 7.0684842e+01
8.6514138e+01 7.1057050e+01
8.6016369e+01 7.1103077e+01
8.5579448e+01 7.0990819e+01
8.5454805e+01 7.0652089e+01
8.5210231e+01 7.0256581e+01
8.7564744e+01 6.8848024e+01
8.8556365e+01 6.9263421e+01
8.9013361e+01 6.9312607e+01
8.9713836e+01 6.9008295e+01
8.9918849e+01 6.7956916e+01
8.8613287e+01 6.8372896e+01
8.9111060e+01 7.0599296e+01
8.7861237e+01 7.5408972e+01
8.7342842e+01 7.5536951e+01
8.7893657e+01 7.6850877e+01
8.8063274e+01 7.6900993e+01
8.8240307e+01 7.7577848e+01
8.7581690e+01 7.7753006e+01
8.6517049e+01 7.8965390e+01
8.5993996e+01 7.8155525e+01
8.4526758e+01 7.9014163e+01
8.5484505e+01 8.0483822e+01
8.5451481e+01 8.1903222e+01
8.6345345e+01 8.1686545e+01
8.7021364e+01 8.0754648e+01
8.8299790e+01 7.9299872e+01
8.8472951e+01 7.9378290e+01
8.9538393e+01 7.8631436e+01
8.9891892e+01 7.8176142e+01
8.9447983e+01 7.7096053e+01
8.9040767e+01 8.1288352e+01
8.8454618e+01 8.2421121e+01
8.8232052e+01 8.3811770e+01
8.9761797e+01 8.3409512e+01
8.7813465e+01 8.6297676e+01
8.6685623e+01 8.5571292e+01
8.6246320e+01 8.8656507e+01
8.7581779e+01 8.8587196e+01
8.3244585e+01 8.9013278e+01
8.2200425e+01 8.8043432e+01
8.1169177e+01 8.6077012e+01
8.1968445e+01 8.4351567e+01
8.1423366e+01 8.3978269e+01
8.1145235e+01 8.3410812e+01
8.0467982e+01 8.2578208e+01
8.0012393e+01 8.2658656e+01
8.0417645e+01 8.1314132e+01
7.9441537e+01 8.0746851e+01
8.0045056e+01 7.9468491e+01
8.0234335e+01 7.8127583e+01
7.9139467e+01 7.7114662e+01
7.7881582e+01 7.6968407e+01
7.6038074e+01 7.6192192e+01
7.4748239e+01 7.7346873e+01
7.3271132e+01 7.6596763e+01
7.2557176e+01 7.6401283e+01
7.3415506e+01 7.5499790e+01
7.4131707e+01 7.5107533e+01
7.4012800e+01 7.4335723e+01
7.4975042e+01 7.4493554e+01
7.6593249e+01 7.3442168e+01
7.6838682e+01 7.3050666e+01
7.6562033e+01 7.2433397e+01
7.6590419e+01 7.2304833e+01
7.5768727e+01 7.2523674e+01
7.5086797e+01 7.2301913e+01
7.7807120e+01 7.2724383e+01
7.7801887e+01 7.3144864e+01
7.7525009e+01 7.3729985e+01
7.8525805e+01 7.3213210e+01
7.9637844e+01 7.2881572e+01
7.9238395e+01 7.2267345e+01
8.0382981e+01 7.3369402e+01
8.0865407e+01 7.4193202e+01
7.8674335e+01 7.0620511e+01
7.8300165e+01 7.0665447e+01
7.7727840e+01 6.9648389e+01
7.8330378e+01 6.9299706e+01
8.1788977e+01 6.8701542e+01
8.2707622e+01 6.5151891e+01
8.3489533e+01 6.5175126e+01
8.1253755e+01 6.4921654e+01
7.4323764e+01 6.8471454e+01
7.4111965e+01 6.8467058e+01
7.7408846e+01 8.0163388e+01
7.6514801e+01 8.2628257e+01
7.5221452e+01 8.3160058e+01
7.5318212e+01 8.3933867e+01
7.5266332e+01 8.4048126e+01
7.3730989e+01 8.2651905e+01
7.2911941e+01 8.3235144e+01
7.2198534e+01 8.3805635e+01
7.1993160e+01 8.2977570e+01
7.1892196e+01 8.2867947e+01
7.1285291e+01 8.2829873e+01
7.0764116e+01 8.2685217e+01
7.2305225e+01 8.2144701e+01
7.2220876e+01 8.1580485e+01
7.3016910e+01 8.1532665e+01
7.1498584e+01 8.1174088e+01
7.4562832e+01 8.1936452e+01
7.3579225e+01 8.5804863e+01
7.3831565e+01 8.6288876e+01
7.3870756e+01 8.7039169e+01
7.5009148e+01 8.6624461e+01
7.6344663e+01 8.6332238e+01
7.7019045e+01 8.6362805e+01
7.6108404e+01 8.8025103e+01
7.6762456e+01 9.0717228e+01
7.9251138e+01 8.9321763e+01
7.8677967e+01 8.3966676e+01
8.3228123e+01 8.3400054e+01
8.1456459e+01 8.0233836e+01
8.2549236e+01 7.9583604e+01
7.2996852e+01 8.8729999e+01
7.3547457e+01 9.0728277e+01
7.0101608e+01 9.1760251e+01
7.0239634e+01 8.6608410e+01
7.9183294e+01 1.0130736e+02
8.9312684e+01 9.3460602e+01
8.1279065e+01 5.4073562e+01
8.7846698e+01 3.8008468e+01
