2.5425773e+01 6.9941227e+01
2.5281166e+01 7.0119647e+01
2.5429039e+01 7.0263501e+01
2.5135977e+01 7.0691862e+01
2.5270688e+01 7.1098221e+01
2.5316434e+01 7.1247771e+01
2.5482430e+01 7.1611125e+01
2.5909225e+01 7.1655739e+01
2.5920035e+01 7.1814490e+01
2.5629892e+01 7.2086738e+01
2.5879070e+01 7.2716496e+01
2.5424166e+01 7.2817685e+01
2.4932305e+01 7.2889845e+01
2.4464214e+01 7.2694151e+01
2.4181650e+01 7.2124643e+01
2.4333972e+01 7.1917490e+01
2.4371874e+01 7.1736601e+01
2.3996309e+01 7.1783713e+01
2.3512437e+01 7.1567168e+01
2.3270185e+01 7.1436781e+01
2.2761142e+01 7.1151326e+01
2.2476227e+01 7.1434421e+01
2.2046268e+01 7.1353184e+01
2.1833113e+01 7.1213735e+01
2.1994726e+01 7.1083918e+01
2.1255914e+01 7.1130353e+01
2.1099332e+01 7.1051537e+01
2.0874003e+01 7.0880634e+01
2.0811187e+01 7.1062607e+01
2.0543249e+01 7.1794564e+01
2.0420706e+01 7.2116615e+01
2.1290681e+01 7.2192782e+01
2.1955985e+01 7.3050978e+01
2.2253594e+01 7.2793434e+01
2.2633866e+01 7.2368544e+01
2.3029010e+01 7.2879025e+01
2.3177312e+01 7.2976789e+01
2.3130288e+01 7.3275537e+01
2.3549028e+01 7.2990398e+01
2.3543335e+01 7.2352929e+01
2.3323875e+01 7.2344091e+01
2.2594811e+01 7.3462814e+01
2.2472620e+01 7.3710345e+01
2.2481111e+01 7.3737802e+01
2.1770437e+01 7.3657142e+01
2.1303504e+01 7.3645835e+01
2.0982928e+01 7.3303307e+01
2.1656277e+01 7.4184220e+01
2.1902320e+01 7.4316660e+01
2.2109623e+01 7.4375843e+01
2.2907811e+01 7.5258779e+01
2.2797062e+01 7.5535968e+01
2.2991324e+01 7.5608851e+01
2.3853515e+01 7.5670276e+01
2.3722220e+01 7.5118541e+01
2.4373921e+01 7.4836482e+01
2.4748107e+01 7.4834259e+01
2.5133834e+01 7.5098739e+01
2.5567776e+01 7.5229254e+01
2.5926980e+01 7.5362402e+01
2.6484677e+01 7.5597784e+01
2.6293076e+01 7.4756845e+01
2.6577206e+01 7.4590462e+01
2.7356108e+01 7.4869300e+01
2.7688576e+01 7.5360775e+01
2.7446741e+01 7.5649200e+01
2.7540210e+01 7.6813421e+01
2.6957180e+01 7.6896497e+01
2.7449276e+01 7.7475908e+01
2.8317179e+01 7.7362421e+01
2.8320615e+01 7.7161826e+01
2.7768496e+01 7.8956670e+01
2.9677290e+01 7.9908620e+01
3.0559354e+01 7.9677532e+01
3.0689406e+01 7.9158420e+01
3.2396531e+01 7.8430312e+01
3.1864809e+01 7.6641166e+01
3.1983483e+01 7.6404676e+01
3.0224187e+01 7.6170907e+01
3.0761666e+01 7.4938508e+01
3.0888231e+01 7.4530481e+01
2.9864241e+01 7.4509645e+01
2.9655527e+01 7.3882331e+01
2.9728654e+01 7.3855452e+01
2.9067943e+01 7.3519569e+01
2.9140212e+01 7.3334092e+01
2.9311241e+01 7.3200677e+01
2.9265181e+01 7.2893094e+01
2.8834820e+01 7.2438629e+01
2.8434111e+01 7.2413377e+01
2.8355824e+01 7.1971638e+01
2.8018632e+01 7.1906506e+01
2.8319754e+01 7.1392387e+01
2.8373741e+01 7.1309178e+01
2.8153592e+01 7.0756025e+01
2.7948461e+01 7.0744991e+01
2.7872691e+01 7.0764679e+01
2.7489975e+01 7.0944426e+01
2.7626836e+01 7.1242070e+01
2.7409620e+01 7.1547870e+01
2.7350131e+01 7.1798674e+01
2.6911490e+01 7.1598133e+01
2.6943091e+01 7.1350713e+01
2.7107443e+01 7.1327922e+01
2.6600797e+01 7.1203505e+01
2.6128672e+01 7.0823693e+01
2.5691570e+01 7.0905125e+01
2.6368016e+01 7.0333460e+01
2.6508705e+01 7.0410321e+01
2.6664351e+01 7.0579187e+01
2.7025943e+01 7.0312253e+01
2.6409395e+01 7.0161501e+01
2.6342367e+01 7.0032625e+01
2.6258718e+01 7.0193072e+01
2.6001856e+01 6.9939976e+01
2.6190668e+01 6.9174845e+01
2.6630979e+01 6.9155136e+01
2.6838884e+01 6.8811737e+01
2.6465180e+01 6.8780865e+01
2.6160795e+01 6.8207550e+01
2.6465410e+01 6.7878544e+01
2.6597747e+01 6.7600652e+01
2.7110469e+01 6.7816708e+01
2.7068132e+01 6.8135062e+01
2.7362235e+01 6.8567833e+01
2.7224375e+01 6.9276733e+01
2.7160009e+01 6.9533941e+01
2.7629212e+01 6.9981743e+01
2.8023753e+01 6.9888758e+01
2.8126145e+01 6.9447086e+01
2.8291844e+01 6.9318047e+01
2.8772699e+01 6.9128661e+01
2.9098651e+01 6.8906652e+01
2.9178311e+01 6.9157842e+01
2.9031646e+01 6.9524819e+01
2.9419845e+01 6.9546576e+01
2.9811184e+01 6.9736966e+01
3.0135041e+01 6.9657925e+01
3.0271639e+01 6.9192924e+01
3.0018628e+01 6.9081694e+01
3.0721495e+01 6.8428210e+01
3.1174534e+01 6.9125768e+01
3.1700775e+01 6.9717421e+01
3.2348823e+01 6.9397425e+01
3.2630977e+01 6.9168952e+01
3.2882634e+01 6.9048021e+01
3.2847907e+01 6.8593662e+01
3.2694657e+01 6.7789019e+01
3.2450575e+01 6.7474368e+01
3.2143157e+01 6.7357416e+01
3.1469558e+01 6.7119814e+01
3.0724470e+01 6.6978561e+01
3.0339323e+01 6.7167855e+01
3.0384355e+01 6.7340084e+01
2.9858049e+01 6.8048620e+01
2.9487989e+01 6.7952973e+01
2.8986928e+01 6.7885123e+01
2.9022549e+01 6.7200688e+01
2.8308112e+01 6.6829291e+01
2.7840528e+01 6.6560278e+01
2.8717752e+01 6.6177678e+01
2.8241123e+01 6.5151723e+01
2.8289266e+01 6.4981417e+01
2.7972430e+01 6.5187228e+01
2.7470246e+01 6.5315147e+01
2.7392110e+01 6.4860499e+01
2.7010750e+01 6.5103349e+01
2.6802304e+01 6.4335408e+01
2.7403126e+01 6.4067449e+01
2.8579206e+01 6.3916513e+01
2.8436223e+01 6.3397853e+01
2.8282137e+01 6.2637543e+01
2.9484158e+01 6.2969582e+01
3.0177671e+01 6.4674549e+01
3.0369571e+01 6.6018450e+01
3.0331509e+01 6.6033143e+01
3.0432862e+01 6.6151076e+01
2.9856661e+01 6.6451332e+01
3.1519466e+01 6.5679038e+01
3.1571225e+01 6.5737460e+01
3.1399935e+01 6.5414050e+01
3.1710031e+01 6.5120114e+01
3.2790504e+01 6.6594033e+01
3.3588249e+01 6.6488231e+01
3.4246383e+01 6.6993042e+01
3.4643234e+01 6.5968748e+01
3.5430990e+01 6.6482996e+01
3.5190609e+01 6.8096678e+01
3.5719357e+01 6.9110510e+01
3.5744091e+01 6.9507738e+01
3.6375772e+01 6.9608441e+01
3.7289923e+01 6.9040614e+01
3.6355029e+01 6.7993470e+01
3.7066706e+01 6.7350529e+01
3.7505893e+01 6.7605071e+01
3.8496068e+01 7.1151341e+01
3.8028487e+01 7.2504498e+01
3.7984171e+01 7.3119387e+01
3.7988037e+01 7.5667295e+01
3.6406417e+01 7.6465155e+01
3.4664977e+01 7.6106201e+01
3.3546226e+01 7.5282517e+01
3.3689665e+01 7.4746425e+01
3.3810046e+01 7.3972158e+01
3.4829307e+01 7.4568093e+01
3.5314617e+01 7.2914938e+01
3.4334736e+01 7.2344406e+01
3.4805326e+01 7.1274135e+01
3.4641615e+01 7.1100760e+01
3.3170494e+01 7.1291608e+01
3.2787249e+01 7.1630737e+01
3.2408211e+01 7.1094544e+01
3.2045061e+01 7.0779848e+01
3.0848232e+01 7.0513204e+01
3.0800239e+01 7.0739889e+01
3.0783248e+01 7.1320800e+01
3.0736334e+01 7.1421126e+01
3.0635630e+01 7.1638226e+01
3.0464277e+01 7.1420008e+01
3.0635993e+01 7.2545109e+01
3.0864921e+01 7.2490544e+01
3.1493885e+01 7.2304320e+01
3.2061936e+01 7.2479249e+01
3.2361915e+01 7.2370047e+01
3.2113707e+01 7.2873990e+01
3.2064310e+01 7.3009236e+01
3.0336183e+01 7.3383476e+01
2.9602019e+01 7.2360385e+01
2.9300112e+01 7.1572409e+01
2.9015024e+01 7.1042709e+01
2.9139831e+01 7.0765181e+01
2.9399168e+01 7.0202382e+01
2.8463855e+01 7.0454952e+01
2.8893070e+01 6.8662955e+01
2.7642285e+01 6.7517043e+01
2.6285606e+01 6.7014126e+01
2.6152466e+01 6.6711017e+01
2.5818921e+01 6.6739896e+01
2.5699453e+01 6.6807788e+01
2.5786612e+01 6.6600897e+01
2.5891326e+01 6.6045758e+01
2.5702945e+01 6.5523150e+01
2.5659311e+01 6.5069397e+01
2.5069306e+01 6.5505166e+01
2.4916806e+01 6.5495163e+01
2.4448077e+01 6.5140499e+01
2.4426639e+01 6.5146840e+01
2.4174450e+01 6.5300434e+01
2.4188369e+01 6.4802536e+01
2.3967329e+01 6.4708491e+01
2.3481818e+01 6.4554277e+01
2.3006709e+01 6.4426988e+01
2.3031522e+01 6.4797377e+01
2.3127727e+01 6.4937306e+01
2.3756287e+01 6.5952309e+01
2.3422452e+01 6.6317939e+01
2.2998328e+01 6.7013230e+01
2.2988205e+01 6.7229973e+01
2.3416021e+01 6.7326901e+01
2.3320227e+01 6.7582338e+01
2.3769877e+01 6.7992192e+01
2.4245048e+01 6.7710053e+01
2.4386389e+01 6.7698723e+01
2.4788735e+01 6.7906059e+01
2.4954455e+01 6.8001377e+01
2.4946504e+01 6.8385022e+01
2.4937311e+01 6.8604739e+01
2.4572967e+01 6.8808941e+01
2.4500833e+01 6.8616774e+01
2.3931931e+01 6.8827872e+01
2.3580936e+01 6.8912832e+01
2.3511065e+01 6.9220061e+01
2.3838721e+01 6.9528868e+01
2.3920524e+01 7.0063160e+01
2.4612162e+01 7.0213560e+01
2.4335428e+01 7.0971360e+01
2.3989215e+01 7.1106618e+01
2.4664730e+01 7.1192258e+01
2.2966159e+01 7.0702941e+01
2.2803579e+01 7.0060090e+01
2.2541231e+01 6.9689578e+01
2.2344670e+01 6.9482927e+01
2.2480851e+01 6.8946078e+01
2.2873869e+01 6.8897082e+01
2.2936354e+01 6.8947305e+01
2.2968845e+01 6.8757461e+01
2.3256378e+01 6.8590740e+01
2.3227379e+01 6.8185187e+01
2.2316632e+01 6.8432814e+01
2.1926189e+01 6.8336563e+01
2.2041099e+01 6.8104490e+01
2.1919970e+01 6.7927130e+01
2.1412674e+01 6.8136374e+01
2.1323989e+01 6.7668315e+01
2.1018001e+01 6.7240701e+01
2.0602303e+01 6.6748492e+01
2.0527776e+01 6.6495097e+01
2.0288733e+01 6.5599300e+01
2.1601592e+01 6.5540340e+01
2.1900028e+01 6.5520335e+01
2.1417519e+01 6.4195080e+01
2.1780211e+01 6.3885584e+01
2.1654533e+01 6.3028566e+01
2.1697339e+01 6.2823498e+01
2.2903899e+01 6.3314541e+01
2.3082557e+01 6.3118071e+01
2.3698694e+01 6.3283122e+01
2.4065878e+01 6.3220216e+01
2.4681368e+01 6.3790077e+01
2.4834649e+01 6.4476612e+01
2.5802694e+01 6.4131877e+01
2.5799783e+01 6.2854103e+01
2.5339165e+01 6.2677684e+01
2.3882097e+01 6.2290921e+01
2.2169131e+01 6.1602306e+01
2.1204573e+01 6.0574334e+01
1.9966707e+01 6.0012985e+01
1.9220399e+01 6.2199632e+01
1.8014073e+01 6.2634776e+01
1.8951033e+01 6.3779269e+01
1.9186467e+01 6.4189650e+01
1.9550593e+01 6.4495137e+01
1.7715040e+01 6.5865437e+01
1.8700721e+01 6.6669493e+01
1.9270523e+01 6.6784042e+01
1.9399330e+01 6.7074198e+01
1.9500943e+01 6.7321651e+01
1.9569043e+01 6.7724513e+01
1.9899581e+01 6.8228740e+01
2.0313288e+01 6.9164399e+01
2.0877407e+01 6.9415750e+01
2.1246592e+01 6.9924569e+01
2.1123815e+01 7.0026749e+01
2.0689798e+01 7.0025690e+01
2.0277562e+01 7.0101166e+01
1.9991726e+01 6.9850318e+01
1.9511254e+01 6.9397918e+01
1.9024117e+01 6.9135192e+01
1.8802452e+01 6.9874120e+01
1.9209593e+01 7.0193273e+01
1.9834594e+01 7.0498694e+01
1.9559524e+01 7.0889006e+01
1.9043353e+01 7.1244148e+01
1.9137736e+01 7.1505097e+01
1.9056599e+01 7.1536748e+01
1.8614551e+01 7.1421462e+01
1.8497148e+01 7.1099024e+01
1.8208308e+01 7.0910790e+01
1.8220138e+01 7.0864710e+01
1.7837890e+01 7.1059685e+01
1.7451243e+01 7.0764419e+01
1.7573871e+01 7.0208622e+01
1.7951575e+01 7.0353334e+01
1.8345677e+01 7.0403470e+01
1.8056405e+01 6.9959248e+01
1.7463176e+01 6.9343049e+01
1.6636101e+01 6.9546637e+01
1.7362179e+01 6.8343352e+01
1.7909477e+01 6.8326131e+01
1.8220751e+01 6.8243619e+01
1.8724183e+01 6.7737883e+01
1.7826925e+01 6.7521451e+01
1.6691517e+01 6.7974636e+01
1.5274880e+01 6.8066565e+01
1.5556664e+01 6.7105455e+01
1.5408323e+01 6.5131481e+01
1.3712252e+01 6.4888249e+01
1.4801503e+01 6.3293183e+01
1.5163814e+01 6.1481225e+01
1.7061306e+01 6.0560192e+01
1.7103366e+01 5.9819446e+01
1.7166607e+01 5.9208989e+01
1.6713670e+01 6.3344082e+01
1.4993887e+01 6.9192147e+01
1.3825195e+01 7.0939670e+01
1.3492894e+01 7.0825448e+01
1.2968965e+01 7.2356324e+01
1.4961304e+01 7.1862749e+01
1.5162844e+01 7.3001690e+01
1.6067263e+01 7.2783115e+01
1.6512801e+01 7.3460522e+01
1.6733370e+01 7.3438043e+01
1.6581733e+01 7.4008014e+01
1.6867886e+01 7.5192305e+01
1.6819177e+01 7.5503140e+01
1.7166199e+01 7.5092180e+01
1.7679412e+01 7.4933238e+01
1.9390027e+01 7.4863121e+01
1.9845538e+01 7.5429061e+01
2.0203973e+01 7.4553598e+01
2.0120275e+01 7.4480304e+01
1.9889155e+01 7.3818567e+01
1.9744173e+01 7.3593094e+01
1.9471543e+01 7.3435014e+01
1.9016366e+01 7.2196167e+01
1.7675693e+01 7.2051348e+01
1.7375322e+01 7.1839167e+01
1.7543276e+01 7.1591270e+01
1.4715958e+01 7.4664994e+01
1.4133606e+01 7.5534035e+01
1.3010442e+01 7.6281073e+01
1.5928582e+01 7.5966238e+01
2.0436178e+01 7.6348915e+01
2.1241845e+01 7.6186250e+01
2.1439952e+01 7.5692067e+01
2.0833802e+01 7.4564992e+01
2.3598589e+01 7.3940504e+01
2.3930446e+01 7.4215343e+01
2.4745346e+01 7.4043896e+01
2.5265106e+01 7.3664586e+01
2.5784088e+01 7.3671841e+01
2.6291030e+01 7.3159446e+01
2.6475871e+01 7.2706359e+01
2.6314982e+01 7.2303307e+01
2.6719139e+01 7.2090988e+01
2.6904589e+01 7.2826089e+01
2.6823924e+01 7.3060405e+01
2.7031522e+01 7.3248641e+01
2.7249274e+01 7.2957195e+01
2.7236811e+01 7.2762840e+01
2.7508020e+01 7.2639832e+01
2.7726386e+01 7.2501659e+01
2.7948113e+01 7.2627996e+01
2.8021669e+01 7.2694915e+01
2.8534513e+01 7.3471193e+01
2.8523973e+01 7.3785145e+01
2.8122751e+01 7.4070660e+01
2.7840377e+01 7.3905328e+01
2.7799121e+01 7.4250711e+01
2.8108636e+01 7.4656372e+01
2.8487238e+01 7.4663156e+01
2.6519527e+01 7.3713697e+01
2.4950889e+01 7.5965808e+01
2.5019600e+01 7.6823905e+01
2.4752691e+01 7.7125153e+01
2.4258265e+01 7.7264041e+01
2.4305995e+01 7.6585217e+01
2.4409489e+01 7.9480780e+01
2.1146005e+01 7.7467479e+01
2.3158250e+01 6.9621595e+01
2.2984336e+01 6.9315090e+01
2.1403846e+01 6.8984992e+01
2.2393997e+01 6.7516478e+01
2.2313959e+01 6.7061439e+01
2.1753851e+01 6.6953314e+01
2.4135329e+01 6.6856065e+01
2.4446260e+01 6.6389474e+01
2.4790037e+01 6.6397745e+01
2.5393645e+01 6.7089802e+01
2.4914767e+01 6.7455379e+01
2.5889667e+01 6.7695376e+01
2.5548744e+01 6.8355167e+01
2.5485861e+01 6.8322522e+01
2.5489590e+01 6.8537905e+01
2.5711632e+01 6.8753497e+01
2.6428068e+01 6.5845930e+01
2.6358244e+01 6.5645977e+01
2.7051713e+01 6.1525537e+01
2.8507447e+01 5.9878124e+01
3.0599554e+01 6.1114559e+01
3.1765106e+01 6.3013608e+01
3.1421745e+01 6.3311573e+01
3.7114640e+01 6.3476502e+01
3.3335543e+01 7.0343721e+01
3.0701046e+01 6.9933388e+01
2.5068080e+01 6.0265553e+01
2.9940739e+01 5.6810736e+01
1.1202383e+01 6.6499017e+01
1.1315020e+01 6.8064613e+01
1.1612411e+01 6.9049795e+01
9.9642201e+00 6.9475003e+01
1.0368309e+01 7.1527241e+01
