3.7535597e+01 3.4987298e+01
3.7932541e+01 3.4296148e+01
3.9542390e+01 3.2467308e+01
3.9188733e+01 3.6701532e+01
3.9687160e+01 3.6891464e+01
3.9840775e+01 3.6750563e+01
3.7350659e+01 3.9577980e+01
3.7501829e+01 4.4673728e+01
3.7172341e+01 4.5094606e+01
3.6662559e+01 4.6973423e+01
3.5947482e+01 4.7538654e+01
3.7418872e+01 4.8502584e+01
3.7798790e+01 4.7632210e+01
3.9323010e+01 4.6945460e+01
3.6149292e+01 4.9379117e+01
3.7778003e+01 5.1073566e+01
3.9658042e+01 5.2719934e+01
5.0037822e+01 5.1345843e+01
5.0566380e+01 5.1515810e+01
5.0173691e+01 5.2157580e+01
5.1822604e+01 5.2153047e+01
5.2175122e+01 5.0444887e+01
5.1074837e+01 4.9258976e+01
5.0574916e+01 4.9141019e+01
5.0078581e+01 4.9285957e+01
5.0157352e+01 4.7851111e+01
5.0775252e+01 4.5005727e+01
5.2702006e+01 4.5220513e+01
5.3940021e+01 4.4001629e+01
5.4651938e+01 4.3372301e+01
5.5142631e+01 4.3870987e+01
5.4888645e+01 4.4436621e+01
5.6059711e+01 4.3999156e+01
5.6118451e+01 4.4187844e+01
5.5990092e+01 4.5630330e+01
5.7207346e+01 4.5680352e+01
5.8819071e+01 4.5637346e+01
6.0504013e+01 4.7094990e+01
6.0615981e+01 4.7828298e+01
5.9525386e+01 4.8124231e+01
5.9455900e+01 4.9797735e+01
5.8925632e+01 4.9766145e+01
5.7862212e+01 5.1153487e+01
5.7637725e+01 5.1784342e+01
5.7883090e+01 5.2410699e+01
5.7392105e+01 5.2833081e+01
5.7088654e+01 5.3900567e+01
5.5959827e+01 5.3617495e+01
5.5039876e+01 5.3974349e+01
5.4392140e+01 5.3498627e+01
5.3684577e+01 5.2501597e+01
5.4640722e+01 5.1292363e+01
5.5393495e+01 5.1349178e+01
5.6080211e+01 5.1525251e+01
5.6762463e+01 5.1268708e+01
5.5947344e+01 5.0345506e+01
5.5617846e+01 5.0426361e+01
5.5013829e+01 4.9755703e+01
5.5104266e+01 4.9215738e+01
5.5754304e+01 4.8583612e+01
5.6703815e+01 4.8633039e+01
5.6704719e+01 4.8857459e+01
5.6469698e+01 4.7409784e+01
5.4896623e+01 4.7983492e+01
5.3445094e+01 4.8318425e+01
5.3376559e+01 4.7354911e+01
5.5068218e+01 4.2454211e+01
5.5486022e+01 4.2474258e+01
5.7379883e+01 4.1235702e+01
5.9438985e+01 4.1836519e+01
6.0532884e+01 4.1909801e+01
6.0887986e+01 4.1151303e+01
6.0918701e+01 4.0891800e+01
6.1773850e+01 4.2049779e+01
6.1502581e+01 4.2823519e+01
6.0643493e+01 4.2853135e+01
5.9322334e+01 4.2955883e+01
6.2237248e+01 4.3893519e+01
6.3889612e+01 4.4664786e+01
6.4155315e+01 4.3808802e+01
6.4562490e+01 4.2326993e+01
6.4424253e+01 4.2125120e+01
6.5009781e+01 4.0624108e+01
6.4725409e+01 4.0050279e+01
6.4684430e+01 3.9874949e+01
6.3882078e+01 3.9287185e+01
6.3046967e+01 4.0342128e+01
6.2228080e+01 4.0245966e+01
6.2383059e+01 4.1096804e+01
6.1354197e+01 3.8808069e+01
6.2647136e+01 3.7755628e+01
6.0460472e+01 3.7173824e+01
6.1762405e+01 3.5591859e+01
6.0165706e+01 3.4117099e+01
6.1665127e+01 3.2432326e+01
6.2387340e+01 3.1408287e+01
6.2306258e+01 3.1231416e+01
6.3016987e+01 3.0373041e+01
6.2410251e+01 2.9434919e+01
6.2298006e+01 2.8570989e+01
6.3519379e+01 2.8761949e+01
6.3640587e+01 2.8947295e+01
6.4495186e+01 3.0404522e+01
6.7489956e+01 3.1244232e+01
6.7323106e+01 3.2287010e+01
6.7140224e+01 3.2412580e+01
6.7464450e+01 3.3742550e+01
6.6630447e+01 3.4391453e+01
6.7428664e+01 3.5553583e+01
6.8365106e+01 3.5700326e+01
6.8380756e+01 3.5571200e+01
6.9127464e+01 3.7473460e+01
6.8128571e+01 3.8501507e+01
6.7932346e+01 3.9502707e+01
6.7899286e+01 4.0957945e+01
6.7155501e+01 4.1526073e+01
6.7149739e+01 4.2008316e+01
6.7512700e+01 4.2442526e+01
6.8687429e+01 4.3717848e+01
6.6943740e+01 4.4185830e+01
6.7860716e+01 4.5593305e+01
6.7926331e+01 4.6503269e+01
6.9041386e+01 4.7954264e+01
6.6695535e+01 4.8018725e+01
6.5148451e+01 4.7365526e+01
6.4857590e+01 4.8189606e+01
6.3871807e+01 4.7587082e+01
6.3027306e+01 4.6971691e+01
6.2368014e+01 4.6975052e+01
6.1543378e+01 4.8869135e+01
6.1402612e+01 4.9926854e+01
6.0677732e+01 4.9600649e+01
6.3058758e+01 4.9606180e+01
6.4076233e+01 4.9877069e+01
6.4417189e+01 4.9301768e+01
6.5024046e+01 5.1959318e+01
6.4001401e+01 5.2115337e+01
6.4083611e+01 5.3772020e+01
6.4440130e+01 5.4704600e+01
6.4633037e+01 5.6584084e+01
6.4610396e+01 5.7024420e+01
6.4917452e+01 5.7856895e+01
6.6275300e+01 5.8949284e+01
6.5713942e+01 5.9533708e+01
6.7088675e+01 5.9452696e+01
6.7448200e+01 6.0520928e+01
6.7870725e+01 6.1374502e+01
6.8628118e+01 6.0263993e+01
6.8244252e+01 5.8235353e+01
6.7371390e+01 5.8345967e+01
6.9959773e+01 5.8267876e+01
6.8807801e+01 5.4543102e+01
6.9138832e+01 5.4203357e+01
6.8550891e+01 5.3163535e+01
6.7529824e+01 5.3335352e+01
6.6645429e+01 5.4683733e+01
6.8798243e+01 5.1775143e+01
6.8835486e+01 5.1615794e+01
6.8075684e+01 5.1159102e+01
6.2169996e+01 5.2518663e+01
6.2222657e+01 5.2998770e+01
6.1273859e+01 5.3095130e+01
6.1322922e+01 5.3778953e+01
6.2118611e+01 5.4238522e+01
6.0414017e+01 5.3060649e+01
5.9190059e+01 5.2322731e+01
5.9296014e+01 5.4419678e+01
5.8514686e+01 5.4501151e+01
5.8600661e+01 5.4799794e+01
5.7786710e+01 5.5992248e+01
5.6910508e+01 5.5181720e+01
5.6329771e+01 5.5967931e+01
5.5182410e+01 5.6453221e+01
5.4099915e+01 5.5903799e+01
5.3020273e+01 5.4610816e+01
5.0013138e+01 5.4577736e+01
5.0768167e+01 5.7713662e+01
5.1722393e+01 5.7639228e+01
5.3247779e+01 5.8111181e+01
5.3916668e+01 5.7707261e+01
5.3942586e+01 5.9358493e+01
5.3346744e+01 5.9716282e+01
5.3065526e+01 6.0068961e+01
5.4353246e+01 6.0802041e+01
5.5846577e+01 6.0726916e+01
5.6712710e+01 6.1599469e+01
5.7612714e+01 6.1167120e+01
5.7602822e+01 6.0319303e+01
5.7811685e+01 6.0044497e+01
5.7052441e+01 6.0170217e+01
5.5830981e+01 5.9034077e+01
5.7605958e+01 5.7470012e+01
5.7732112e+01 5.7555863e+01
5.8561773e+01 5.8032083e+01
5.8702701e+01 5.8688710e+01
5.8891979e+01 5.8844935e+01
5.8990267e+01 5.9385108e+01
6.0976356e+01 5.8787751e+01
6.0855107e+01 5.8133163e+01
6.0674817e+01 5.7862267e+01
6.0505746e+01 5.6170939e+01
6.0401788e+01 5.5507816e+01
5.9778084e+01 5.6151181e+01
6.1140975e+01 5.9565841e+01
6.1984698e+01 5.9883037e+01
6.3568514e+01 5.9447640e+01
6.3932459e+01 6.2097961e+01
6.4335435e+01 6.3966824e+01
6.2665961e+01 6.5195687e+01
6.2613168e+01 6.5685544e+01
6.4177241e+01 6.6532013e+01
6.6364633e+01 6.6853681e+01
6.7231185e+01 6.6272593e+01
6.6391675e+01 6.5794182e+01
6.6809705e+01 6.5137082e+01
6.8429092e+01 6.6631228e+01
6.8081982e+01 6.7196888e+01
6.7956058e+01 6.8164263e+01
6.8365058e+01 6.8532157e+01
6.7143195e+01 6.8876769e+01
6.6873665e+01 6.9248820e+01
6.6489371e+01 6.8856144e+01
6.4981046e+01 7.0130243e+01
6.5255254e+01 7.1298528e+01
6.4455084e+01 7.1352313e+01
6.3287840e+01 7.1575793e+01
6.2237998e+01 7.2034708e+01
6.3411762e+01 7.2961363e+01
6.3015627e+01 7.3377429e+01
6.1197586e+01 7.3400862e+01
6.1144570e+01 7.4131908e+01
6.0860627e+01 7.4775148e+01
5.8464408e+01 7.4323385e+01
5.7290332e+01 7.3230923e+01
5.6001980e+01 7.3211728e+01
5.6149917e+01 7.2377655e+01
5.6121125e+01 7.1912953e+01
5.5841570e+01 7.1673220e+01
5.3973291e+01 7.2103534e+01
5.2214749e+01 7.0050293e+01
5.1665109e+01 6.9759904e+01
5.1706075e+01 6.9460879e+01
5.3796884e+01 6.9054774e+01
5.4700061e+01 6.8778476e+01
5.3559056e+01 6.7408164e+01
5.3803524e+01 6.6551673e+01
5.4230298e+01 6.5584234e+01
5.3460568e+01 6.5338841e+01
5.2976783e+01 6.5139431e+01
5.2643642e+01 6.4476908e+01
5.2255892e+01 6.4607105e+01
5.1154987e+01 6.4393646e+01
5.1205018e+01 6.3983414e+01
5.0046752e+01 6.2393329e+01
5.1211239e+01 6.1467416e+01
5.0995877e+01 6.0343916e+01
5.4579228e+01 6.2393242e+01
5.4129846e+01 6.4391925e+01
5.2699458e+01 6.6172936e+01
5.1826738e+01 6.7284826e+01
5.0020256e+01 6.5813348e+01
5.7321395e+01 6.7222530e+01
5.8839123e+01 6.7517886e+01
5.9612860e+01 6.8429495e+01
6.0164320e+01 6.7965156e+01
6.1206866e+01 6.7682039e+01
6.0898387e+01 6.9018648e+01
6.0020425e+01 6.9224910e+01
5.8806556e+01 6.9645574e+01
5.8198780e+01 7.1762391e+01
6.2303407e+01 7.0270679e+01
6.6219835e+01 7.1832930e+01
6.7159571e+01 7.2760605e+01
6.7550122e+01 7.1440785e+01
6.7600502e+01 7.1426436e+01
6.8700628e+01 7.1278083e+01
6.8663921e+01 7.3975933e+01
6.5894580e+01 7.3333692e+01
6.5182077e+01 7.3429804e+01
6.9740222e+01 6.7162672e+01
6.9056795e+01 6.3001575e+01
6.5913044e+01 6.2048126e+01
6.1673385e+01 6.3026956e+01
6.1623632e+01 6.3179346e+01
6.0859974e+01 6.3233292e+01
6.1001059e+01 6.3735854e+01
6.0461095e+01 6.4107823e+01
6.0417386e+01 6.4095729e+01
6.0317331e+01 6.3321197e+01
6.0356886e+01 6.2059414e+01
5.8530513e+01 6.2050884e+01
5.7878246e+01 6.3603902e+01
5.8281315e+01 6.3757517e+01
5.8358455e+01 6.3788238e+01
5.3223510e+01 4.1071168e+01
5.3725269e+01 4.0254537e+01
5.3931775e+01 4.0262746e+01
5.5374997e+01 3.9679334e+01
5.4531291e+01 3.8552360e+01
5.3842962e+01 3.8077176e+01
5.3611048e+01 3.7269536e+01
5.4417616e+01 3.7289835e+01
5.5010680e+01 3.7223923e+01
5.5181737e+01 3.7263914e+01
5.5041941e+01 3.7828987e+01
5.5987807e+01 3.7961420e+01
5.6918071e+01 3.8050637e+01
5.7186407e+01 3.6689121e+01
5.6829199e+01 3.6072554e+01
5.6801129e+01 3.6002711e+01
5.6398977e+01 3.5245125e+01
5.5751367e+01 3.5933292e+01
5.3286099e+01 3.4407569e+01
5.4657809e+01 3.3049936e+01
5.4189306e+01 3.2311139e+01
5.3605769e+01 3.0941320e+01
5.4999141e+01 3.0912876e+01
5.5849495e+01 3.0688078e+01
5.6730363e+01 3.1531483e+01
5.8096720e+01 3.3079669e+01
5.8814028e+01 3.0516972e+01
6.0503882e+01 3.1083730e+01
6.1296247e+01 2.9522759e+01
6.1002316e+01 2.8972847e+01
6.0779718e+01 2.7287164e+01
6.0143586e+01 2.6162488e+01
6.0164010e+01 2.4886640e+01
6.1382414e+01 2.5109879e+01
6.1505213e+01 2.4189250e+01
6.2837687e+01 2.4568221e+01
6.3711782e+01 2.4734994e+01
6.4189757e+01 2.3752864e+01
6.4628401e+01 2.3075452e+01
6.5327823e+01 2.4373494e+01
6.6291350e+01 2.5023423e+01
6.7191923e+01 2.4941076e+01
6.7222154e+01 2.4579749e+01
6.7198194e+01 2.5452430e+01
6.6833269e+01 2.6309266e+01
6.8255952e+01 2.5887560e+01
6.8505203e+01 2.7280405e+01
6.8038190e+01 2.4094952e+01
6.9464822e+01 2.2096542e+01
6.9233702e+01 2.1682475e+01
6.9286513e+01 1.8771941e+01
6.9736954e+01 1.6676671e+01
6.9439280e+01 1.6454794e+01
6.7267602e+01 1.5895267e+01
6.5188458e+01 1.5862123e+01
6.3321883e+01 1.5782325e+01
6.3515896e+01 1.7358503e+01
6.2936466e+01 1.7665669e+01
6.1428706e+01 1.7455300e+01
6.0880340e+01 1.7750200e+01
6.1691002e+01 1.6602015e+01
6.2146965e+01 1.3742747e+01
6.3727112e+01 1.3788930e+01
6.5062600e+01 1.3084556e+01
6.6204151e+01 1.3217907e+01
6.7424397e+01 1.1677985e+01
6.8235615e+01 1.2366212e+01
6.8813886e+01 1.2248666e+01
6.9950985e+01 1.1604097e+01
6.8669042e+01 9.3747342e+00
6.7837143e+01 8.4310740e+00
6.7175229e+01 8.1941194e+00
6.6768789e+01 8.6247235e+00
6.6235533e+01 7.4908784e+00
6.5447358e+01 7.5809389e+00
6.5154953e+01 8.7594667e+00
6.4158583e+01 9.7959646e+00
6.5924528e+01 1.0474823e+01
6.2327355e+01 8.9039375e+00
6.1349661e+01 9.8197647e+00
6.0895602e+01 9.6645672e+00
6.1355601e+01 1.0312277e+01
6.1706532e+01 1.0459581e+01
6.1247404e+01 1.1376194e+01
6.0240257e+01 1.1715327e+01
5.9177114e+01 1.0510996e+01
5.8975296e+01 9.6828671e+00
5.9542561e+01 9.2798140e+00
6.0018384e+01 7.7548809e+00
6.0670932e+01 6.8465109e+00
6.0626536e+01 6.4824685e+00
6.0514469e+01 6.5073045e+00
5.9367351e+01 5.8992297e+00
5.9650347e+01 5.3693099e+00
5.8920949e+01 5.3863847e+00
5.7636864e+01 5.4324926e+00
5.6038040e+01 5.8277533e+00
5.4359915e+01 7.5676556e+00
5.3617434e+01 7.2613833e+00
5.3268999e+01 7.8418780e+00
5.4270139e+01 9.0653570e+00
5.3708862e+01 9.4866986e+00
5.3952381e+01 1.0369532e+01
5.4317642e+01 1.0545986e+01
5.4937080e+01 1.1584491e+01
5.6623150e+01 1.2616384e+01
5.6996077e+01 1.2803624e+01
5.6599957e+01 1.3110393e+01
5.5695433e+01 1.4740338e+01
5.5626543e+01 1.5008240e+01
5.5521506e+01 1.6420246e+01
5.5731378e+01 1.6975142e+01
5.6390657e+01 1.8132765e+01
5.6895047e+01 1.9579545e+01
5.7188447e+01 2.0007658e+01
5.6886673e+01 2.1362849e+01
5.7197688e+01 2.1662270e+01
5.7747818e+01 2.2540123e+01
5.8880873e+01 2.3333988e+01
5.9209165e+01 2.2543584e+01
5.9784306e+01 2.3547545e+01
5.9351782e+01 2.1066225e+01
5.9498158e+01 2.0338366e+01
6.1493309e+01 1.9897976e+01
6.1907946e+01 2.1078307e+01
6.2076504e+01 2.2438280e+01
6.3399479e+01 2.1673388e+01
6.4103030e+01 2.1095428e+01
6.2911874e+01 1.9419371e+01
6.4622296e+01 1.8866704e+01
6.5349787e+01 1.8839000e+01
6.5212809e+01 1.8407801e+01
6.6978386e+01 1.8602067e+01
6.8166848e+01 1.3914164e+01
6.9457236e+01 7.4771831e+00
6.9202865e+01 6.9897019e+00
6.9910890e+01 6.5690171e+00
6.6640119e+01 6.2659150e+00
6.4773825e+01 6.3637265e+00
6.2157383e+01 6.6308365e+00
5.8036111e+01 7.9726723e+00
5.7154445e+01 8.5827562e+00
5.7672892e+01 9.0092108e+00
5.6962949e+01 9.7702356e+00
5.7660289e+01 1.1443112e+01
5.8665156e+01 1.3266608e+01
5.8973778e+01 1.3327256e+01
5.7469099e+01 1.5274975e+01
5.8204211e+01 1.7584059e+01
5.5755702e+01 1.9590698e+01
5.3819662e+01 1.9874576e+01
5.2836889e+01 2.0189330e+01
5.2356195e+01 2.0981616e+01
5.1712496e+01 2.0038184e+01
5.1339101e+01 1.9487823e+01
5.0576330e+01 2.0329341e+01
5.0200185e+01 2.2833617e+01
5.0135801e+01 2.4346135e+01
5.0326750e+01 2.5125634e+01
5.1431491e+01 2.6000747e+01
5.0888504e+01 2.7151146e+01
5.1590640e+01 2.8016349e+01
5.0568381e+01 2.8445439e+01
5.0421753e+01 2.9570495e+01
5.1921811e+01 2.9472366e+01
5.2987896e+01 2.9063722e+01
5.3334261e+01 2.9525083e+01
5.4637107e+01 2.8991274e+01
5.4783027e+01 2.8488690e+01
5.3755673e+01 2.8143652e+01
5.5219450e+01 2.6661477e+01
5.5309870e+01 2.6295392e+01
5.6595513e+01 2.4460283e+01
5.4776078e+01 2.3244537e+01
5.3423171e+01 2.3118817e+01
5.3024025e+01 2.2539539e+01
5.3508403e+01 2.2283198e+01
5.1814826e+01 2.3015169e+01
5.3162609e+01 1.8179380e+01
5.2770727e+01 1.7100379e+01
5.3210160e+01 1.6204271e+01
5.2634547e+01 1.6070507e+01
5.0653962e+01 1.6785140e+01
5.0184479e+01 1.4106451e+01
5.1149549e+01 1.2432606e+01
5.0229608e+01 1.0904927e+01
5.0095482e+01 1.0834684e+01
5.0636876e+01 6.5847620e+00
5.2072185e+01 5.8182109e+00
5.2285589e+01 5.9913017e+00
5.2221425e+01 6.1083617e+00
5.5789647e+01 8.2342756e+00
5.4952321e+01 9.4674844e+00
5.3732369e+01 1.3510994e+01
6.3387095e+01 2.5860888e+01
6.8502228e+01 3.2035607e+01
6.7088784e+01 3.7230518e+01
6.6895449e+01 3.7667388e+01
6.5400864e+01 3.8077153e+01
6.4720275e+01 3.6183373e+01
6.5937531e+01 4.0989789e+01
6.9545950e+01 3.8901129e+01
5.2492193e+01 3.7256336e+01
5.1304064e+01 3.8676358e+01
5.0972226e+01 3.9190549e+01
5.0301462e+01 3.9129207e+01
5.0363137e+01 3.7122614e+01
5.0764971e+01 3.5427632e+01
5.1531814e+01 3.5244064e+01
5.1336989e+01 3.3468310e+01
5.1362966e+01 3.2670584e+01
5.1793993e+01 3.1166933e+01
5.0273892e+01 3.3854288e+01
