1.7299878e+01 2.6834112e+01
1.6499718e+01 2.7753671e+01
1.5329882e+01 2.6559164e+01
1.4344505e+01 2.7630251e+01
1.3629976e+01 2.4492066e+01
1.2189029e+01 2.3159207e+01
1.1659175e+01 2.0448230e+01
1.0495365e+01 2.0577763e+01
1.1873035e+01 1.9095119e+01
1.1824649e+01 1.7309590e+01
1.0559704e+01 1.7577701e+01
9.6036412e+00 1.7509545e+01
8.9373521e+00 1.6073714e+01
1.0307665e+01 1.4567803e+01
1.2019369e+01 1.2719341e+01
1.0623565e+01 1.1976519e+01
7.8997350e+00 1.0605044e+01
7.9155352e+00 8.3287231e+00
9.5361817e+00 7.4497618e+00
9.0904596e+00 5.4034016e+00
7.4235758e+00 3.7260953e+00
6.7076414e+00 4.9626987e+00
6.0504824e+00 4.7809901e+00
6.6133628e+00 6.2659495e+00
5.8441857e+00 7.6923290e+00
4.6328818e+00 1.0100328e+01
2.2789949e+00 1.0507999e+01
1.6302357e+00 9.9662978e+00
8.0839141e-01 1.0074324e+01
2.4133480e+00 8.2127104e+00
5.5054133e-01 6.7154674e+00
3.2497414e+00 5.7380826e+00
3.1154362e+00 5.3550869e+00
2.7456054e+00 3.7040762e+00
2.0087800e+00 3.1930018e+00
6.3903167e-01 8.5379446e-01
4.5621338e+00 1.6209421e+00
4.7314258e+00 1.5434860e+00
5.9419406e+00 6.6999865e-01
5.8401885e+00 1.5697234e-01
9.6535993e+00 1.8835581e+00
9.6871526e+00 1.8379009e+00
1.2637948e+01 4.8803194e+00
1.4365369e+01 3.1542276e+00
1.4960523e+01 2.3635399e+00
1.5468642e+01 2.8682401e+00
1.6186312e+01 4.9282917e+00
1.8058394e+01 5.1653084e+00
1.9844565e+01 3.5376317e+00
1.9160464e+01 1.7671160e+00
1.9686568e+01 2.0626337e-01
1.7234446e+01 1.5273049e+00
1.3900884e+01 1.3446788e-01
1.5195606e+01 7.2397417e+00
1.7574225e+01 8.3470519e+00
1.7643039e+01 9.4504474e+00
1.8936537e+01 1.1767887e+01
1.8824688e+01 1.2200034e+01
1.9656617e+01 1.2994298e+01
1.9470590e+01 1.4902574e+01
1.9658952e+01 1.7424958e+01
2.0474965e+01 1.7441628e+01
2.3347662e+01 1.7415428e+01
2.4927910e+01 1.9592656e+01
2.5424329e+01 2.0597792e+01
2.4203312e+01 2.0921409e+01
2.2014137e+01 2.2391592e+01
2.0742606e+01 2.3463895e+01
2.1092288e+01 2.4379846e+01
2.0362062e+01 2.5501847e+01
2.2396412e+01 2.5722930e+01
2.3534793e+01 2.4445427e+01
2.6284002e+01 2.6027786e+01
2.6865331e+01 2.5158181e+01
2.8599551e+01 2.6474315e+01
2.9526875e+01 2.9006695e+01
3.0046136e+01 2.8867347e+01
3.1674100e+01 2.9998336e+01
3.4788490e+01 3.3509974e+01
3.3560310e+01 3.4576305e+01
3.2251505e+01 3.4837095e+01
3.4152631e+01 3.8181401e+01
3.6143369e+01 3.6536119e+01
3.7234692e+01 3.2340201e+01
3.6720431e+01 3.1850503e+01
3.7241337e+01 3.0978740e+01
3.7469292e+01 2.8632297e+01
3.8158746e+01 2.7852698e+01
3.9925526e+01 2.3055301e+01
3.6982940e+01 2.1946400e+01
3.5383836e+01 2.1424848e+01
3.6389085e+01 2.0053246e+01
3.4569155e+01 1.9061250e+01
3.4026351e+01 2.0257941e+01
3.3532921e+01 2.3100540e+01
3.1793682e+01 2.2286435e+01
3.1427977e+01 2.4117612e+01
2.8181755e+01 2.1032460e+01
2.6899916e+01 2.0901300e+01
2.7602957e+01 1.9665041e+01
2.5971973e+01 1.6398469e+01
2.4388288e+01 1.3892452e+01
2.4303543e+01 1.3570199e+01
2.6024897e+01 1.0950296e+01
2.7095062e+01 1.1576822e+01
2.7588467e+01 1.0303022e+01
2.7327169e+01 9.7773832e+00
2.6531339e+01 9.2416452e+00
2.8857380e+01 1.0428315e+01
2.9276932e+01 9.3754009e+00
2.9964537e+01 7.9714433e+00
3.2187561e+01 8.5862020e+00
3.2425668e+01 8.7701317e+00
3.3956635e+01 8.7208129e+00
3.4994507e+01 9.0432554e+00
3.5726528e+01 9.9624395e+00
3.6495785e+01 1.0973751e+01
3.5922359e+01 1.1858155e+01
3.5324046e+01 1.2520121e+01
3.5945424e+01 1.2923606e+01
3.5239916e+01 1.3746255e+01
3.3982371e+01 1.2383671e+01
3.7194222e+01 1.3121633e+01
3.7470368e+01 1.5107064e+01
3.7857416e+01 1.8072830e+01
3.8633296e+01 9.4294599e+00
3.7107437e+01 7.7790486e+00
3.9541741e+01 6.6958999e+00
3.4495118e+01 6.1486311e+00
3.3191432e+01 4.3156495e+00
3.2419257e+01 1.8700512e+00
3.0772458e+01 2.5672582e+00
2.9408442e+01 2.8845883e+00
2.7265553e+01 2.7215375e+00
2.4905455e+01 3.5637634e+00
2.4746450e+01 7.5527142e-01
2.3249183e+01 5.4266275e-01
2.1901208e+01 3.8719795e+00
2.0680024e+01 6.8633853e+00
2.1881378e+01 7.6840965e+00
2.2954011e+01 8.5432534e+00
2.4714398e+01 7.0266189e+00
2.1722200e+01 1.1429279e+01
1.5434754e+01 1.3467876e+01
1.3698405e+01 1.2135296e+01
1.3712452e+01 1.5573825e+01
1.6558677e+01 1.6297178e+01
1.5837112e+01 2.3045265e+01
1.6851394e+01 2.9690262e+01
1.5399382e+01 3.1320947e+01
1.6595986e+01 3.2170161e+01
1.9604636e+01 3.4050291e+01
2.0407493e+01 3.5483154e+01
2.1414984e+01 3.3370336e+01
2.1984073e+01 3.3437384e+01
2.3293038e+01 3.3154383e+01
2.4450469e+01 3.2936672e+01
2.5886677e+01 3.3229388e+01
2.6125900e+01 3.2506827e+01
2.7585746e+01 3.4766837e+01
2.8342947e+01 3.5192272e+01
2.8834681e+01 3.7309063e+01
3.0087153e+01 3.8084955e+01
3.1366391e+01 3.9479139e+01
2.9595109e+01 4.1047308e+01
2.9869470e+01 4.1691245e+01
2.8130401e+01 4.0482198e+01
2.6537657e+01 3.9659487e+01
2.5952937e+01 4.0522002e+01
2.4286219e+01 4.1820231e+01
2.3327643e+01 4.1996634e+01
2.4864727e+01 4.3822517e+01
2.4519961e+01 4.4760275e+01
2.2601916e+01 4.4364505e+01
2.2019904e+01 4.4218953e+01
2.0553311e+01 4.3975092e+01
2.0447049e+01 4.2374540e+01
1.8138639e+01 4.1848443e+01
1.7643147e+01 4.2466133e+01
1.6547081e+01 4.2243680e+01
1.6182687e+01 4.2013014e+01
1.4220204e+01 4.2312732e+01
1.2596973e+01 4.1236593e+01
1.1502970e+01 4.1221381e+01
1.0271988e+01 4.0949288e+01
9.2575326e+00 4.1171996e+01
9.0600686e+00 4.0384087e+01
7.8539119e+00 4.1461848e+01
8.9516970e+00 4.2490309e+01
6.3849974e+00 4.0973447e+01
4.8789174e+00 3.9458807e+01
7.2317001e+00 3.8760245e+01
9.1343103e+00 3.7339775e+01
9.6944526e+00 3.8825610e+01
1.0353536e+01 3.4453298e+01
1.1421705e+01 3.2615073e+01
1.0516377e+01 3.0538610e+01
1.0458867e+01 2.8258716e+01
8.3310599e+00 2.6749710e+01
8.5741048e+00 2.6019669e+01
7.0956298e+00 2.7465711e+01
4.4569896e+00 2.8967577e+01
4.0592965e+00 3.0702000e+01
1.8556628e+00 3.2329159e+01
1.1832273e+00 3.3353671e+01
9.5605560e-01 3.4221684e+01
2.0546631e-01 3.4057854e+01
2.0027541e+00 3.6133297e+01
1.1336238e+00 3.6708409e+01
4.6819464e-01 3.9087554e+01
7.7790266e-01 4.3728306e+01
4.3790742e-01 4.4591059e+01
2.3315430e+00 4.4651515e+01
2.7687142e+00 4.4226972e+01
3.4051489e+00 4.3352971e+01
4.1970781e+00 4.4016153e+01
4.5818263e+00 4.4896121e+01
2.8566042e+00 4.5624046e+01
7.4072112e+00 4.5993489e+01
1.1431393e+01 4.4270216e+01
1.4635528e+01 4.5697619e+01
1.5138674e+01 4.4386609e+01
1.5146764e+01 3.7134677e+01
1.7016521e+01 3.6906964e+01
1.8564623e+01 3.7448178e+01
2.3675275e+01 3.8586972e+01
2.4210006e+01 3.8655106e+01
2.6718754e+01 4.5326860e+01
3.2984819e+01 4.1434777e+01
2.1614885e+01 3.1261961e+01
2.0971323e+01 3.1886756e+01
2.2624461e+01 2.8911098e+01
2.3931585e+01 2.8358484e+01
2.1228696e+01 2.8359438e+01
1.3377259e+01 3.4324639e+01
1.2827554e+01 3.5459423e+01
6.1092747e+00 3.5816970e+01
6.3109061e+00 3.3256121e+01
2.1926839e+00 2.7094310e+01
2.6935856e+00 2.5451264e+01
2.7637730e-01 2.2669103e+01
3.8986978e+00 2.1687468e+01
5.9199367e+00 2.0821572e+01
6.6456577e+00 1.9954970e+01
6.2719731e+00 2.2214105e+01
5.9982825e+00 1.7241512e+01
4.4180895e+00 1.6977434e+01
6.9722598e+00 1.4246547e+01
5.4109478e-01 1.6279250e+01
1.1451614e+01 8.6384432e+00
3.0003444e+01 1.1137383e+01
2.9250506e+01 1.5099668e+01
3.2270306e+01 7.2086280e+00
3.4953406e+01 1.4108447e+00
3.6787325e+01 7.1399915e-01
3.8043391e+01 9.4086114e-01
3.7373964e+01 1.8932965e+00
