8.6907701e+00 5.8790460e+01
6.5007939e+00 5.7779541e+01
8.2386574e+00 5.5993725e+01
6.7886416e+00 5.3988058e+01
5.9485569e+00 5.4246135e+01
4.6254609e+00 5.5689213e+01
2.8253771e+00 5.7457027e+01
1.1498371e+00 5.4636010e+01
2.3586385e-01 5.4496384e+01
1.2794584e+00 4.8648796e+01
4.0556382e+00 4.9294443e+01
7.3106082e+00 4.8226574e+01
1.0879327e+01 4.7948338e+01
1.2076520e+01 4.9979683e+01
1.1317007e+01 5.0328267e+01
1.0847538e+01 5.1050620e+01
1.0197406e+01 5.3167366e+01
1.1718266e+01 5.4025600e+01
1.2584473e+01 5.3065970e+01
1.3297491e+01 5.4263783e+01
1.4186292e+01 5.1875914e+01
1.5836908e+01 5.1229953e+01
1.5459628e+01 5.0149616e+01
1.5483722e+01 4.9292942e+01
1.7311919e+01 4.8702230e+01
2.0835675e+01 4.9399130e+01
2.3059860e+01 4.8664293e+01
2.6229400e+01 5.0198375e+01
2.5783448e+01 5.1689234e+01
2.5754854e+01 5.2028363e+01
2.6780346e+01 5.2696919e+01
2.8416047e+01 5.3212055e+01
2.8839672e+01 5.1433029e+01
2.8068070e+01 5.1108341e+01
2.5554359e+01 5.4077380e+01
2.4642117e+01 5.3531052e+01
2.2780147e+01 5.5651996e+01
2.1801984e+01 5.8337902e+01
2.4188406e+01 5.8312822e+01
2.5256898e+01 5.8262925e+01
2.5414672e+01 5.9561898e+01
2.5381467e+01 6.0150197e+01
2.5490630e+01 6.1842892e+01
2.6846652e+01 6.2035341e+01
2.8122972e+01 6.5342239e+01
3.0724856e+01 6.5624913e+01
3.0869284e+01 6.4294173e+01
3.1317537e+01 6.4179204e+01
3.2403870e+01 6.4956372e+01
3.3001267e+01 6.5121031e+01
3.3530852e+01 6.5828032e+01
3.3722344e+01 6.7220829e+01
3.2496579e+01 6.7221412e+01
3.0347362e+01 6.8678740e+01
3.0295870e+01 6.8788969e+01
2.9243097e+01 6.8962394e+01
2.9196470e+01 6.9758179e+01
2.7158552e+01 6.8295645e+01
2.5798942e+01 6.7682577e+01
2.5794217e+01 6.6625223e+01
2.0930107e+01 6.4274364e+01
2.1855576e+01 6.1843765e+01
1.9245378e+01 6.0600505e+01
1.8920567e+01 6.0080815e+01
1.8220644e+01 5.9186548e+01
1.7539744e+01 5.8251812e+01
1.7391473e+01 5.5248140e+01
1.6927471e+01 5.5151437e+01
1.7534391e+01 5.3255942e+01
2.0471971e+01 5.3937561e+01
2.7681498e+01 5.7290579e+01
2.8193571e+01 5.6711501e+01
3.4155062e+01 5.5545808e+01
3.4806620e+01 5.5129598e+01
3.5172686e+01 5.3471978e+01
3.3690930e+01 5.1891366e+01
3.0335869e+01 4.6949302e+01
3.8708877e+01 5.8944081e+01
3.6294798e+01 6.2141565e+01
3.5312836e+01 6.3062059e+01
3.4960314e+01 6.1793469e+01
3.4340028e+01 6.1117004e+01
3.0644059e+01 6.2409574e+01
3.5352793e+01 6.5228524e+01
3.5494167e+01 6.5729508e+01
3.5651533e+01 6.7253571e+01
3.6326031e+01 7.0025442e+01
3.6652101e+01 7.1623790e+01
3.8803479e+01 7.2951131e+01
3.9773382e+01 7.2845196e+01
3.9502108e+01 7.4859807e+01
3.8957193e+01 7.5666884e+01
3.6595068e+01 7.6379056e+01
3.6172536e+01 7.6986610e+01
3.5092624e+01 7.7518532e+01
3.6421763e+01 7.8873178e+01
3.6798955e+01 7.9416038e+01
3.7014329e+01 7.8038636e+01
3.4672898e+01 7.4754295e+01
3.1415339e+01 7.4229046e+01
3.1931194e+01 7.7434260e+01
2.7249505e+01 7.7953765e+01
2.6586352e+01 7.6311578e+01
2.5382132e+01 7.5965323e+01
2.7499926e+01 7.5452371e+01
2.7652439e+01 7.2726580e+01
2.6240100e+01 7.2309447e+01
2.6110976e+01 7.2110953e+01
2.1860960e+01 7.3503457e+01
2.2151703e+01 7.4510896e+01
2.0527401e+01 7.6620486e+01
1.9527439e+01 7.6970233e+01
1.9617818e+01 7.5366030e+01
1.9388251e+01 7.2756446e+01
1.5689345e+01 7.2734762e+01
1.5774704e+01 7.4384622e+01
1.4060660e+01 7.4222891e+01
1.3053550e+01 7.4730980e+01
1.3047805e+01 7.6776318e+01
1.4104050e+01 7.6554215e+01
1.6615356e+01 7.8678507e+01
1.8350508e+01 7.8601714e+01
1.9993797e+01 8.0475309e+01
2.0796201e+01 7.9474629e+01
2.1927984e+01 7.7836047e+01
2.3083228e+01 7.9508658e+01
2.4365899e+01 7.8390821e+01
2.4628897e+01 8.0565439e+01
2.7504814e+01 8.2025816e+01
2.7999387e+01 8.3488587e+01
2.7516278e+01 8.3788925e+01
2.6751947e+01 8.4464638e+01
2.7523528e+01 8.5698729e+01
2.5190921e+01 8.6923970e+01
2.5188115e+01 8.8695230e+01
2.6357011e+01 8.8462251e+01
2.6965312e+01 8.8718532e+01
2.7768787e+01 8.8536613e+01
2.8750170e+01 8.8129961e+01
3.2450053e+01 8.6744124e+01
3.4126467e+01 8.9433930e+01
3.3980068e+01 8.2663661e+01
3.2247455e+01 8.2792625e+01
3.0964052e+01 8.2173832e+01
2.4804857e+01 8.4423471e+01
2.3859300e+01 8.5235129e+01
2.1508088e+01 8.5329089e+01
2.0750730e+01 8.8090286e+01
2.1559172e+01 8.8342363e+01
1.8256075e+01 8.9740660e+01
1.7305623e+01 8.7684312e+01
1.7819836e+01 8.6854744e+01
1.6999848e+01 8.5506062e+01
1.5844360e+01 8.5473320e+01
1.3670545e+01 8.5276757e+01
1.4591617e+01 8.7856138e+01
1.0086209e+01 8.6527296e+01
1.0306675e+01 8.5040738e+01
8.9878637e+00 8.3761100e+01
1.0593269e+01 8.3025751e+01
1.1470929e+01 8.1897321e+01
1.0096786e+01 8.0107275e+01
9.9787244e+00 7.9959225e+01
1.0444503e+01 7.6968286e+01
8.8132524e+00 7.3281636e+01
6.6755050e+00 7.4713357e+01
5.2239349e+00 7.3594706e+01
4.1411813e+00 7.2454244e+01
4.2937014e+00 7.0182643e+01
5.8979748e+00 6.9470684e+01
6.7830958e+00 6.8447361e+01
6.6970472e+00 6.8262420e+01
4.7295680e+00 6.8358107e+01
3.5373248e+00 6.8130512e+01
3.0211119e+00 6.7859921e+01
3.9377409e+00 6.6689973e+01
6.4739308e+00 6.6108340e+01
9.1277943e+00 6.6240584e+01
1.0834812e+01 6.6013173e+01
1.0836484e+01 6.8439874e+01
8.9280200e+00 6.9524283e+01
1.4352133e+01 7.1344015e+01
1.4725740e+01 7.0161113e+01
1.7515348e+01 6.9544150e+01
1.9495144e+01 6.8901125e+01
1.9672301e+01 6.7965910e+01
1.8702175e+01 6.5735188e+01
1.6813092e+01 6.7075070e+01
1.6248737e+01 6.5565377e+01
1.6233752e+01 6.5133090e+01
1.6611224e+01 6.4667988e+01
1.5220670e+01 6.4936343e+01
1.6421766e+01 6.3117079e+01
1.4045036e+01 6.1802467e+01
1.3167427e+01 6.0885780e+01
1.0182735e+01 6.1235440e+01
9.1870441e+00 6.2649029e+01
5.6602172e+00 6.1579319e+01
1.3799087e+00 6.3057029e+01
4.8927576e-01 6.7463550e+01
4.1190525e+00 7.4822660e+01
1.6613689e+00 7.7933811e+01
4.1215911e+00 7.9190749e+01
3.0902695e+00 8.0367043e+01
4.0601644e+00 8.2334951e+01
3.9365616e+00 8.3735435e+01
2.6156211e+00 8.3296442e+01
1.1149757e+00 8.5122090e+01
1.3608217e+00 8.7911894e+01
1.6923267e+00 8.9938622e+01
3.3229374e+00 8.8778728e+01
4.3026242e+00 8.6887388e+01
3.6369166e+00 8.6462641e+01
6.3430330e+00 8.8647990e+01
7.8264688e+00 8.9478628e+01
5.6913212e+00 8.2007002e+01
6.5237859e+00 7.9871585e+01
1.9814851e+01 8.1941834e+01
3.4637061e+01 6.9926105e+01
3.8220225e+01 6.8692570e+01
3.8419512e+01 6.8741650e+01
3.8366573e+01 6.4082856e+01
5.0775743e+01 6.9894968e+01
5.0520565e+01 7.2141134e+01
5.1611597e+01 7.2110814e+01
5.2780604e+01 7.3148667e+01
5.3535442e+01 7.3855920e+01
5.1721494e+01 7.4350467e+01
5.0452952e+01 7.4010054e+01
1.3340846e+01 4.7204192e+01
